   3012244: (0,0,0,0) #00000000 none
      9945: (0,0,0,255) #000000FF black
      7573: (0,0,0,253) #000000FD srgba(0,0,0,0.992157)
      7421: (0,0,0,242) #000000F2 srgba(0,0,0,0.94902)
       375: (0,0,0,1) #00000001 srgba(0,0,0,0.00392157)
       307: (0,0,0,254) #000000FE srgba(0,0,0,0.996078)
       230: (0,0,0,2) #00000002 srgba(0,0,0,0.00784314)
       207: (0,0,0,252) #000000FC srgba(0,0,0,0.988235)
       190: (0,0,0,3) #00000003 srgba(0,0,0,0.0117647)
       183: (0,0,0,8) #00000008 srgba(0,0,0,0.0313725)
       173: (0,0,0,251) #000000FB srgba(0,0,0,0.984314)
       173: (0,0,0,247) #000000F7 srgba(0,0,0,0.968627)
       168: (0,0,0,5) #00000005 srgba(0,0,0,0.0196078)
       158: (0,0,0,250) #000000FA srgba(0,0,0,0.980392)
       157: (0,0,0,6) #00000006 srgba(0,0,0,0.0235294)
       152: (0,0,0,14) #0000000E srgba(0,0,0,0.054902)
       149: (0,0,0,4) #00000004 srgba(0,0,0,0.0156863)
       141: (0,0,0,132) #00000084 srgba(0,0,0,0.517647)
       135: (0,0,0,7) #00000007 srgba(0,0,0,0.027451)
       133: (0,0,0,238) #000000EE srgba(0,0,0,0.933333)
       131: (0,0,0,248) #000000F8 srgba(0,0,0,0.972549)
       131: (0,0,0,249) #000000F9 srgba(0,0,0,0.976471)
       129: (0,0,0,17) #00000011 srgba(0,0,0,0.0666667)
       114: (0,0,0,153) #00000099 srgba(0,0,0,0.6)
       110: (0,0,0,13) #0000000D srgba(0,0,0,0.0509804)
       109: (0,0,0,11) #0000000B srgba(0,0,0,0.0431373)
       109: (0,0,0,10) #0000000A srgba(0,0,0,0.0392157)
       106: (0,0,0,34) #00000022 srgba(0,0,0,0.133333)
       106: (0,0,0,244) #000000F4 srgba(0,0,0,0.956863)
       105: (0,0,0,245) #000000F5 srgba(0,0,0,0.960784)
       105: (0,0,0,147) #00000093 srgba(0,0,0,0.576471)
       105: (0,0,0,12) #0000000C srgba(0,0,0,0.0470588)
       105: (0,0,0,129) #00000081 srgba(0,0,0,0.505882)
       101: (0,0,0,102) #00000066 srgba(0,0,0,0.4)
       100: (0,0,0,221) #000000DD srgba(0,0,0,0.866667)
       100: (0,0,0,243) #000000F3 srgba(0,0,0,0.952941)
       100: (0,0,0,9) #00000009 srgba(0,0,0,0.0352941)
        98: (0,0,0,22) #00000016 srgba(0,0,0,0.0862745)
        96: (0,0,0,204) #000000CC srgba(0,0,0,0.8)
        96: (0,0,0,15) #0000000F srgba(0,0,0,0.0588235)
        95: (0,0,0,246) #000000F6 srgba(0,0,0,0.964706)
        94: (0,0,0,170) #000000AA srgba(0,0,0,0.666667)
        94: (0,0,0,119) #00000077 srgba(0,0,0,0.466667)
        92: (0,0,0,16) #00000010 srgba(0,0,0,0.0627451)
        92: (0,0,0,220) #000000DC srgba(0,0,0,0.862745)
        92: (0,0,0,239) #000000EF srgba(0,0,0,0.937255)
        91: (0,0,0,205) #000000CD srgba(0,0,0,0.803922)
        89: (0,0,0,58) #0000003A srgba(0,0,0,0.227451)
        87: (0,0,0,219) #000000DB srgba(0,0,0,0.858824)
        87: (0,0,0,232) #000000E8 srgba(0,0,0,0.909804)
        87: (0,0,0,18) #00000012 srgba(0,0,0,0.0705882)
        86: (0,0,0,19) #00000013 srgba(0,0,0,0.0745098)
        86: (0,0,0,234) #000000EA srgba(0,0,0,0.917647)
        84: (0,0,0,23) #00000017 srgba(0,0,0,0.0901961)
        84: (0,0,0,237) #000000ED srgba(0,0,0,0.929412)
        83: (0,0,0,240) #000000F0 srgba(0,0,0,0.941176)
        83: (0,0,0,20) #00000014 srgba(0,0,0,0.0784314)
        81: (0,0,0,231) #000000E7 srgba(0,0,0,0.905882)
        80: (0,0,0,236) #000000EC srgba(0,0,0,0.92549)
        80: (0,0,0,216) #000000D8 srgba(0,0,0,0.847059)
        80: (0,0,0,218) #000000DA srgba(0,0,0,0.854902)
        79: (0,0,0,233) #000000E9 srgba(0,0,0,0.913725)
        79: (0,0,0,225) #000000E1 srgba(0,0,0,0.882353)
        78: (0,0,0,235) #000000EB srgba(0,0,0,0.921569)
        78: (0,0,0,230) #000000E6 srgba(0,0,0,0.901961)
        77: (0,0,0,26) #0000001A srgba(0,0,0,0.101961)
        77: (0,0,0,25) #00000019 srgba(0,0,0,0.0980392)
        76: (0,0,0,36) #00000024 srgba(0,0,0,0.141176)
        76: (0,0,0,30) #0000001E srgba(0,0,0,0.117647)
        75: (0,0,0,191) #000000BF srgba(0,0,0,0.74902)
        75: (0,0,0,241) #000000F1 srgba(0,0,0,0.945098)
        75: (0,0,0,222) #000000DE srgba(0,0,0,0.870588)
        74: (0,0,0,212) #000000D4 srgba(0,0,0,0.831373)
        73: (0,0,0,229) #000000E5 srgba(0,0,0,0.898039)
        73: (0,0,0,61) #0000003D srgba(0,0,0,0.239216)
        72: (0,0,0,227) #000000E3 srgba(0,0,0,0.890196)
        71: (0,0,0,135) #00000087 srgba(0,0,0,0.529412)
        70: (0,0,0,51) #00000033 srgba(0,0,0,0.2)
        70: (0,0,0,67) #00000043 srgba(0,0,0,0.262745)
        70: (0,0,0,49) #00000031 srgba(0,0,0,0.192157)
        70: (0,0,0,224) #000000E0 srgba(0,0,0,0.878431)
        70: (0,0,0,24) #00000018 srgba(0,0,0,0.0941176)
        70: (0,0,0,134) #00000086 srgba(0,0,0,0.52549)
        70: (0,0,0,31) #0000001F srgba(0,0,0,0.121569)
        69: (0,0,0,41) #00000029 srgba(0,0,0,0.160784)
        68: (0,0,0,32) #00000020 srgba(0,0,0,0.12549)
        68: (0,0,0,207) #000000CF srgba(0,0,0,0.811765)
        68: (0,0,0,115) #00000073 srgba(0,0,0,0.45098)
        68: (0,0,0,28) #0000001C srgba(0,0,0,0.109804)
        67: (0,0,0,141) #0000008D srgba(0,0,0,0.552941)
        67: (0,0,0,136) #00000088 srgba(0,0,0,0.533333)
        67: (0,0,0,214) #000000D6 srgba(0,0,0,0.839216)
        67: (0,0,0,29) #0000001D srgba(0,0,0,0.113725)
        66: (0,0,0,35) #00000023 srgba(0,0,0,0.137255)
        66: (0,0,0,27) #0000001B srgba(0,0,0,0.105882)
        66: (0,0,0,213) #000000D5 srgba(0,0,0,0.835294)
        66: (0,0,0,223) #000000DF srgba(0,0,0,0.87451)
        66: (0,0,0,203) #000000CB srgba(0,0,0,0.796078)
        66: (0,0,0,85) #00000055 srgba(0,0,0,0.333333)
        66: (0,0,0,157) #0000009D srgba(0,0,0,0.615686)
        66: (0,0,0,46) #0000002E srgba(0,0,0,0.180392)
        66: (0,0,0,39) #00000027 srgba(0,0,0,0.152941)
        65: (0,0,0,37) #00000025 srgba(0,0,0,0.145098)
        65: (0,0,0,179) #000000B3 srgba(0,0,0,0.701961)
        65: (0,0,0,189) #000000BD srgba(0,0,0,0.741176)
        64: (0,0,0,202) #000000CA srgba(0,0,0,0.792157)
        64: (0,0,0,133) #00000085 srgba(0,0,0,0.521569)
        64: (0,0,0,228) #000000E4 srgba(0,0,0,0.894118)
        63: (0,0,0,21) #00000015 srgba(0,0,0,0.0823529)
        63: (0,0,0,33) #00000021 srgba(0,0,0,0.129412)
        63: (0,0,0,206) #000000CE srgba(0,0,0,0.807843)
        63: (0,0,0,42) #0000002A srgba(0,0,0,0.164706)
        62: (0,0,0,181) #000000B5 srgba(0,0,0,0.709804)
        62: (0,0,0,211) #000000D3 srgba(0,0,0,0.827451)
        62: (0,0,0,180) #000000B4 srgba(0,0,0,0.705882)
        62: (0,0,0,196) #000000C4 srgba(0,0,0,0.768627)
        61: (0,0,0,96) #00000060 srgba(0,0,0,0.376471)
        61: (0,0,0,177) #000000B1 srgba(0,0,0,0.694118)
        61: (0,0,0,192) #000000C0 srgba(0,0,0,0.752941)
        61: (0,0,0,182) #000000B6 srgba(0,0,0,0.713725)
        61: (0,0,0,217) #000000D9 srgba(0,0,0,0.85098)
        60: (0,0,0,200) #000000C8 srgba(0,0,0,0.784314)
        60: (0,0,0,99) #00000063 srgba(0,0,0,0.388235)
        60: (0,0,0,188) #000000BC srgba(0,0,0,0.737255)
        60: (0,0,0,125) #0000007D srgba(0,0,0,0.490196)
        60: (0,0,0,94) #0000005E srgba(0,0,0,0.368627)
        60: (0,0,0,111) #0000006F srgba(0,0,0,0.435294)
        60: (0,0,0,215) #000000D7 srgba(0,0,0,0.843137)
        60: (0,0,0,195) #000000C3 srgba(0,0,0,0.764706)
        60: (0,0,0,190) #000000BE srgba(0,0,0,0.745098)
        60: (0,0,0,84) #00000054 srgba(0,0,0,0.329412)
        59: (0,0,0,69) #00000045 srgba(0,0,0,0.270588)
        59: (0,0,0,199) #000000C7 srgba(0,0,0,0.780392)
        59: (0,0,0,44) #0000002C srgba(0,0,0,0.172549)
        59: (0,0,0,226) #000000E2 srgba(0,0,0,0.886275)
        58: (0,0,0,105) #00000069 srgba(0,0,0,0.411765)
        58: (0,0,0,62) #0000003E srgba(0,0,0,0.243137)
        58: (0,0,0,169) #000000A9 srgba(0,0,0,0.662745)
        58: (0,0,0,48) #00000030 srgba(0,0,0,0.188235)
        58: (0,0,0,55) #00000037 srgba(0,0,0,0.215686)
        57: (0,0,0,101) #00000065 srgba(0,0,0,0.396078)
        57: (0,0,0,167) #000000A7 srgba(0,0,0,0.654902)
        57: (0,0,0,43) #0000002B srgba(0,0,0,0.168627)
        57: (0,0,0,52) #00000034 srgba(0,0,0,0.203922)
        57: (0,0,0,59) #0000003B srgba(0,0,0,0.231373)
        57: (0,0,0,88) #00000058 srgba(0,0,0,0.345098)
        56: (0,0,0,64) #00000040 srgba(0,0,0,0.25098)
        56: (0,0,0,47) #0000002F srgba(0,0,0,0.184314)
        56: (0,0,0,185) #000000B9 srgba(0,0,0,0.72549)
        56: (0,0,0,77) #0000004D srgba(0,0,0,0.301961)
        56: (0,0,0,128) #00000080 srgba(0,0,0,0.501961)
        56: (0,0,0,140) #0000008C srgba(0,0,0,0.54902)
        56: (0,0,0,197) #000000C5 srgba(0,0,0,0.772549)
        56: (0,0,0,91) #0000005B srgba(0,0,0,0.356863)
        56: (0,0,0,130) #00000082 srgba(0,0,0,0.509804)
        55: (0,0,0,79) #0000004F srgba(0,0,0,0.309804)
        55: (0,0,0,60) #0000003C srgba(0,0,0,0.235294)
        55: (0,0,0,57) #00000039 srgba(0,0,0,0.223529)
        55: (0,0,0,50) #00000032 srgba(0,0,0,0.196078)
        55: (0,0,0,45) #0000002D srgba(0,0,0,0.176471)
        55: (0,0,0,174) #000000AE srgba(0,0,0,0.682353)
        55: (0,0,0,175) #000000AF srgba(0,0,0,0.686275)
        55: (0,0,0,40) #00000028 srgba(0,0,0,0.156863)
        55: (0,0,0,209) #000000D1 srgba(0,0,0,0.819608)
        54: (0,0,0,65) #00000041 srgba(0,0,0,0.254902)
        54: (0,0,0,208) #000000D0 srgba(0,0,0,0.815686)
        54: (0,0,0,152) #00000098 srgba(0,0,0,0.596078)
        54: (0,0,0,72) #00000048 srgba(0,0,0,0.282353)
        54: (0,0,0,194) #000000C2 srgba(0,0,0,0.760784)
        54: (0,0,0,71) #00000047 srgba(0,0,0,0.278431)
        54: (0,0,0,171) #000000AB srgba(0,0,0,0.670588)
        54: (0,0,0,106) #0000006A srgba(0,0,0,0.415686)
        54: (0,0,0,81) #00000051 srgba(0,0,0,0.317647)
        54: (0,0,0,110) #0000006E srgba(0,0,0,0.431373)
        54: (0,0,0,160) #000000A0 srgba(0,0,0,0.627451)
        54: (0,0,0,107) #0000006B srgba(0,0,0,0.419608)
        53: (0,0,0,210) #000000D2 srgba(0,0,0,0.823529)
        53: (0,0,0,82) #00000052 srgba(0,0,0,0.321569)
        53: (0,0,0,163) #000000A3 srgba(0,0,0,0.639216)
        53: (0,0,0,148) #00000094 srgba(0,0,0,0.580392)
        53: (0,0,0,66) #00000042 srgba(0,0,0,0.258824)
        53: (0,0,0,73) #00000049 srgba(0,0,0,0.286275)
        52: (0,0,0,112) #00000070 srgba(0,0,0,0.439216)
        52: (0,0,0,109) #0000006D srgba(0,0,0,0.427451)
        52: (0,0,0,90) #0000005A srgba(0,0,0,0.352941)
        52: (0,0,0,89) #00000059 srgba(0,0,0,0.34902)
        52: (0,0,0,108) #0000006C srgba(0,0,0,0.423529)
        51: (0,0,0,104) #00000068 srgba(0,0,0,0.407843)
        51: (0,0,0,56) #00000038 srgba(0,0,0,0.219608)
        50: (0,0,0,114) #00000072 srgba(0,0,0,0.447059)
        50: (0,0,0,68) #00000044 srgba(0,0,0,0.266667)
        50: (0,0,0,137) #00000089 srgba(0,0,0,0.537255)
        50: (0,0,0,139) #0000008B srgba(0,0,0,0.545098)
        50: (0,0,0,154) #0000009A srgba(0,0,0,0.603922)
        50: (0,0,0,100) #00000064 srgba(0,0,0,0.392157)
        50: (0,0,0,87) #00000057 srgba(0,0,0,0.341176)
        50: (0,0,0,187) #000000BB srgba(0,0,0,0.733333)
        50: (0,0,0,83) #00000053 srgba(0,0,0,0.32549)
        50: (0,0,0,198) #000000C6 srgba(0,0,0,0.776471)
        49: (0,0,0,176) #000000B0 srgba(0,0,0,0.690196)
        49: (0,0,0,74) #0000004A srgba(0,0,0,0.290196)
        49: (0,0,0,201) #000000C9 srgba(0,0,0,0.788235)
        49: (0,0,0,158) #0000009E srgba(0,0,0,0.619608)
        49: (0,0,0,63) #0000003F srgba(0,0,0,0.247059)
        49: (0,0,0,113) #00000071 srgba(0,0,0,0.443137)
        49: (0,0,0,166) #000000A6 srgba(0,0,0,0.65098)
        48: (0,0,0,76) #0000004C srgba(0,0,0,0.298039)
        48: (0,0,0,121) #00000079 srgba(0,0,0,0.47451)
        48: (0,0,0,123) #0000007B srgba(0,0,0,0.482353)
        48: (0,0,0,122) #0000007A srgba(0,0,0,0.478431)
        47: (0,0,0,93) #0000005D srgba(0,0,0,0.364706)
        47: (0,0,0,165) #000000A5 srgba(0,0,0,0.647059)
        47: (0,0,0,145) #00000091 srgba(0,0,0,0.568627)
        47: (0,0,0,144) #00000090 srgba(0,0,0,0.564706)
        47: (0,0,0,162) #000000A2 srgba(0,0,0,0.635294)
        47: (0,0,0,117) #00000075 srgba(0,0,0,0.458824)
        47: (0,0,0,149) #00000095 srgba(0,0,0,0.584314)
        47: (0,0,0,75) #0000004B srgba(0,0,0,0.294118)
        47: (0,0,0,156) #0000009C srgba(0,0,0,0.611765)
        47: (0,0,0,124) #0000007C srgba(0,0,0,0.486275)
        46: (0,0,0,80) #00000050 srgba(0,0,0,0.313725)
        46: (0,0,0,143) #0000008F srgba(0,0,0,0.560784)
        46: (0,0,0,118) #00000076 srgba(0,0,0,0.462745)
        46: (0,0,0,86) #00000056 srgba(0,0,0,0.337255)
        45: (0,0,0,150) #00000096 srgba(0,0,0,0.588235)
        45: (0,0,0,70) #00000046 srgba(0,0,0,0.27451)
        45: (0,0,0,127) #0000007F srgba(0,0,0,0.498039)
        45: (0,0,0,53) #00000035 srgba(0,0,0,0.207843)
        45: (0,0,0,78) #0000004E srgba(0,0,0,0.305882)
        44: (0,0,0,172) #000000AC srgba(0,0,0,0.67451)
        44: (0,0,0,116) #00000074 srgba(0,0,0,0.454902)
        44: (0,0,0,95) #0000005F srgba(0,0,0,0.372549)
        44: (0,0,0,98) #00000062 srgba(0,0,0,0.384314)
        44: (0,0,0,159) #0000009F srgba(0,0,0,0.623529)
        43: (0,0,0,178) #000000B2 srgba(0,0,0,0.698039)
        43: (0,0,0,186) #000000BA srgba(0,0,0,0.729412)
        43: (0,0,0,193) #000000C1 srgba(0,0,0,0.756863)
        43: (0,0,0,120) #00000078 srgba(0,0,0,0.470588)
        43: (0,0,0,92) #0000005C srgba(0,0,0,0.360784)
        43: (0,0,0,131) #00000083 srgba(0,0,0,0.513725)
        42: (0,0,0,142) #0000008E srgba(0,0,0,0.556863)
        42: (0,0,0,138) #0000008A srgba(0,0,0,0.541176)
        42: (0,0,0,155) #0000009B srgba(0,0,0,0.607843)
        41: (0,0,0,183) #000000B7 srgba(0,0,0,0.717647)
        41: (0,0,0,164) #000000A4 srgba(0,0,0,0.643137)
        41: (0,0,0,103) #00000067 srgba(0,0,0,0.403922)
        41: (0,0,0,97) #00000061 srgba(0,0,0,0.380392)
        40: (0,0,0,151) #00000097 srgba(0,0,0,0.592157)
        40: (0,0,0,146) #00000092 srgba(0,0,0,0.572549)
        40: (0,0,0,161) #000000A1 srgba(0,0,0,0.631373)
        39: (0,0,0,38) #00000026 srgba(0,0,0,0.14902)
        39: (0,0,0,54) #00000036 srgba(0,0,0,0.211765)
        38: (0,0,0,126) #0000007E srgba(0,0,0,0.494118)
        36: (0,0,0,168) #000000A8 srgba(0,0,0,0.658824)
        34: (0,0,0,173) #000000AD srgba(0,0,0,0.678431)
        34: (0,0,0,184) #000000B8 srgba(0,0,0,0.721569)
        53: (0,0,1,255) #000001FF srgba(0,0,1,1)
        40: (0,0,2,255) #000002FF srgba(0,0,2,1)
        32: (0,0,3,255) #000003FF srgba(0,0,3,1)
        33: (0,0,4,255) #000004FF srgba(0,0,4,1)
        25: (0,0,5,255) #000005FF srgba(0,0,5,1)
        29: (0,0,6,255) #000006FF srgba(0,0,6,1)
        23: (0,0,7,255) #000007FF srgba(0,0,7,1)
        30: (0,0,8,255) #000008FF srgba(0,0,8,1)
        26: (0,0,9,255) #000009FF srgba(0,0,9,1)
        17: (0,0,10,255) #00000AFF srgba(0,0,10,1)
        13: (0,0,11,255) #00000BFF srgba(0,0,11,1)
        22: (0,0,12,255) #00000CFF srgba(0,0,12,1)
         6: (0,0,13,255) #00000DFF srgba(0,0,13,1)
        15: (0,0,14,255) #00000EFF srgba(0,0,14,1)
        21: (0,0,15,255) #00000FFF srgba(0,0,15,1)
        23: (0,0,16,255) #000010FF srgba(0,0,16,1)
        15: (0,0,17,255) #000011FF srgba(0,0,17,1)
        15: (0,0,18,255) #000012FF srgba(0,0,18,1)
        20: (0,0,19,255) #000013FF srgba(0,0,19,1)
        25: (0,0,20,255) #000014FF srgba(0,0,20,1)
        21: (0,0,21,255) #000015FF srgba(0,0,21,1)
        18: (0,0,22,255) #000016FF srgba(0,0,22,1)
         7: (0,0,23,255) #000017FF srgba(0,0,23,1)
        11: (0,0,24,255) #000018FF srgba(0,0,24,1)
        10: (0,0,25,255) #000019FF srgba(0,0,25,1)
        19: (0,0,26,255) #00001AFF srgba(0,0,26,1)
         8: (0,0,27,255) #00001BFF srgba(0,0,27,1)
        12: (0,0,28,255) #00001CFF srgba(0,0,28,1)
        20: (0,0,29,255) #00001DFF srgba(0,0,29,1)
         8: (0,0,30,255) #00001EFF srgba(0,0,30,1)
        14: (0,0,31,255) #00001FFF srgba(0,0,31,1)
        13: (0,0,32,255) #000020FF srgba(0,0,32,1)
         8: (0,0,33,255) #000021FF srgba(0,0,33,1)
        12: (0,0,34,255) #000022FF srgba(0,0,34,1)
        20: (0,0,35,255) #000023FF srgba(0,0,35,1)
        14: (0,0,36,255) #000024FF srgba(0,0,36,1)
        12: (0,0,37,255) #000025FF srgba(0,0,37,1)
         6: (0,0,38,255) #000026FF srgba(0,0,38,1)
         6: (0,0,39,255) #000027FF srgba(0,0,39,1)
        36: (0,0,40,255) #000028FF srgba(0,0,40,1)
         8: (0,0,41,255) #000029FF srgba(0,0,41,1)
         8: (0,0,42,255) #00002AFF srgba(0,0,42,1)
        14: (0,0,43,255) #00002BFF srgba(0,0,43,1)
        15: (0,0,44,255) #00002CFF srgba(0,0,44,1)
         8: (0,0,45,255) #00002DFF srgba(0,0,45,1)
        17: (0,0,46,255) #00002EFF srgba(0,0,46,1)
        17: (0,0,47,255) #00002FFF srgba(0,0,47,1)
        16: (0,0,48,255) #000030FF srgba(0,0,48,1)
        18: (0,0,49,255) #000031FF srgba(0,0,49,1)
        10: (0,0,50,255) #000032FF srgba(0,0,50,1)
        16: (0,0,51,255) #000033FF srgba(0,0,51,1)
         9: (0,0,52,255) #000034FF srgba(0,0,52,1)
        18: (0,0,53,255) #000035FF srgba(0,0,53,1)
        10: (0,0,54,255) #000036FF srgba(0,0,54,1)
        14: (0,0,55,255) #000037FF srgba(0,0,55,1)
        14: (0,0,56,255) #000038FF srgba(0,0,56,1)
         6: (0,0,57,255) #000039FF srgba(0,0,57,1)
         9: (0,0,58,255) #00003AFF srgba(0,0,58,1)
         8: (0,0,59,255) #00003BFF srgba(0,0,59,1)
        12: (0,0,60,255) #00003CFF srgba(0,0,60,1)
        12: (0,0,61,255) #00003DFF srgba(0,0,61,1)
        15: (0,0,62,255) #00003EFF srgba(0,0,62,1)
        17: (0,0,63,255) #00003FFF srgba(0,0,63,1)
        18: (0,0,64,255) #000040FF srgba(0,0,64,1)
        13: (0,0,65,255) #000041FF srgba(0,0,65,1)
        35: (0,0,66,255) #000042FF srgba(0,0,66,1)
         9: (0,0,67,255) #000043FF srgba(0,0,67,1)
        11: (0,0,68,255) #000044FF srgba(0,0,68,1)
        13: (0,0,69,255) #000045FF srgba(0,0,69,1)
         7: (0,0,70,255) #000046FF srgba(0,0,70,1)
        12: (0,0,71,255) #000047FF srgba(0,0,71,1)
        16: (0,0,72,255) #000048FF srgba(0,0,72,1)
        10: (0,0,73,255) #000049FF srgba(0,0,73,1)
        13: (0,0,74,255) #00004AFF srgba(0,0,74,1)
        18: (0,0,75,255) #00004BFF srgba(0,0,75,1)
        21: (0,0,76,255) #00004CFF srgba(0,0,76,1)
         4: (0,0,77,255) #00004DFF srgba(0,0,77,1)
        12: (0,0,78,255) #00004EFF srgba(0,0,78,1)
         7: (0,0,79,255) #00004FFF srgba(0,0,79,1)
        24: (0,0,80,255) #000050FF srgba(0,0,80,1)
         9: (0,0,81,255) #000051FF srgba(0,0,81,1)
        12: (0,0,82,255) #000052FF srgba(0,0,82,1)
        17: (0,0,83,255) #000053FF srgba(0,0,83,1)
        15: (0,0,84,255) #000054FF srgba(0,0,84,1)
        27: (0,0,85,255) #000055FF srgba(0,0,85,1)
         8: (0,0,86,255) #000056FF srgba(0,0,86,1)
        16: (0,0,87,255) #000057FF srgba(0,0,87,1)
        11: (0,0,88,255) #000058FF srgba(0,0,88,1)
        14: (0,0,89,255) #000059FF srgba(0,0,89,1)
        15: (0,0,90,255) #00005AFF srgba(0,0,90,1)
        14: (0,0,91,255) #00005BFF srgba(0,0,91,1)
        17: (0,0,92,255) #00005CFF srgba(0,0,92,1)
        13: (0,0,93,255) #00005DFF srgba(0,0,93,1)
        12: (0,0,94,255) #00005EFF srgba(0,0,94,1)
         8: (0,0,95,255) #00005FFF srgba(0,0,95,1)
        10: (0,0,96,255) #000060FF srgba(0,0,96,1)
        13: (0,0,97,255) #000061FF srgba(0,0,97,1)
        32: (0,0,98,255) #000062FF srgba(0,0,98,1)
        12: (0,0,99,255) #000063FF srgba(0,0,99,1)
        14: (0,0,100,255) #000064FF srgba(0,0,100,1)
        19: (0,0,101,255) #000065FF srgba(0,0,101,1)
        14: (0,0,102,255) #000066FF srgba(0,0,102,1)
        12: (0,0,103,255) #000067FF srgba(0,0,103,1)
        12: (0,0,104,255) #000068FF srgba(0,0,104,1)
        16: (0,0,105,255) #000069FF srgba(0,0,105,1)
        20: (0,0,106,255) #00006AFF srgba(0,0,106,1)
        11: (0,0,107,255) #00006BFF srgba(0,0,107,1)
        14: (0,0,108,255) #00006CFF srgba(0,0,108,1)
        13: (0,0,109,255) #00006DFF srgba(0,0,109,1)
        11: (0,0,110,255) #00006EFF srgba(0,0,110,1)
        14: (0,0,111,255) #00006FFF srgba(0,0,111,1)
        22: (0,0,112,255) #000070FF srgba(0,0,112,1)
        20: (0,0,113,255) #000071FF srgba(0,0,113,1)
        25: (0,0,114,255) #000072FF srgba(0,0,114,1)
        21: (0,0,115,255) #000073FF srgba(0,0,115,1)
        18: (0,0,116,255) #000074FF srgba(0,0,116,1)
        15: (0,0,117,255) #000075FF srgba(0,0,117,1)
        15: (0,0,118,255) #000076FF srgba(0,0,118,1)
        40: (0,0,119,255) #000077FF srgba(0,0,119,1)
        26: (0,0,120,255) #000078FF srgba(0,0,120,1)
        36: (0,0,121,255) #000079FF srgba(0,0,121,1)
        25: (0,0,122,255) #00007AFF srgba(0,0,122,1)
        23: (0,0,123,255) #00007BFF srgba(0,0,123,1)
        24: (0,0,124,255) #00007CFF srgba(0,0,124,1)
        33: (0,0,125,255) #00007DFF srgba(0,0,125,1)
        41: (0,0,126,255) #00007EFF srgba(0,0,126,1)
        76: (0,0,127,255) #00007FFF srgba(0,0,127,1)
     65693: (0,0,128,255) #000080FF navy
        64: (1,0,0,255) #010000FF srgba(1,0,0,1)
         1: (1,0,0,237) #010000ED srgba(1,0,0,0.929412)
        36: (1,1,0,255) #010100FF srgba(1,1,0,1)
        53: (2,0,0,255) #020000FF srgba(2,0,0,1)
        23: (2,2,0,255) #020200FF srgba(2,2,0,1)
        39: (3,0,0,255) #030000FF srgba(3,0,0,1)
        19: (3,3,0,255) #030300FF srgba(3,3,0,1)
        43: (4,0,0,255) #040000FF srgba(4,0,0,1)
        10: (4,4,0,255) #040400FF srgba(4,4,0,1)
        20: (5,0,0,255) #050000FF srgba(5,0,0,1)
        13: (5,5,0,255) #050500FF srgba(5,5,0,1)
        29: (6,0,0,255) #060000FF srgba(6,0,0,1)
         9: (6,6,0,255) #060600FF srgba(6,6,0,1)
        40: (7,0,0,255) #070000FF srgba(7,0,0,1)
         9: (7,7,0,255) #070700FF srgba(7,7,0,1)
        30: (8,0,0,255) #080000FF srgba(8,0,0,1)
        19: (8,8,0,255) #080800FF srgba(8,8,0,1)
        53: (9,0,0,255) #090000FF srgba(9,0,0,1)
         9: (9,9,0,255) #090900FF srgba(9,9,0,1)
        30: (10,0,0,255) #0A0000FF srgba(10,0,0,1)
         9: (10,10,0,255) #0A0A00FF srgba(10,10,0,1)
        28: (11,0,0,255) #0B0000FF srgba(11,0,0,1)
        13: (11,11,0,255) #0B0B00FF srgba(11,11,0,1)
        17: (12,0,0,255) #0C0000FF srgba(12,0,0,1)
        10: (12,12,0,255) #0C0C00FF srgba(12,12,0,1)
        26: (13,0,0,255) #0D0000FF srgba(13,0,0,1)
         6: (13,13,0,255) #0D0D00FF srgba(13,13,0,1)
        27: (14,0,0,255) #0E0000FF srgba(14,0,0,1)
         7: (14,14,0,255) #0E0E00FF srgba(14,14,0,1)
        18: (15,0,0,255) #0F0000FF srgba(15,0,0,1)
         6: (15,15,0,255) #0F0F00FF srgba(15,15,0,1)
        29: (16,0,0,255) #100000FF srgba(16,0,0,1)
         9: (16,16,0,255) #101000FF srgba(16,16,0,1)
        27: (17,0,0,255) #110000FF srgba(17,0,0,1)
         6: (17,17,0,255) #111100FF srgba(17,17,0,1)
        16: (18,0,0,255) #120000FF srgba(18,0,0,1)
         3: (18,18,0,255) #121200FF srgba(18,18,0,1)
        17: (19,0,0,255) #130000FF srgba(19,0,0,1)
         8: (19,19,0,255) #131300FF srgba(19,19,0,1)
        22: (20,0,0,255) #140000FF srgba(20,0,0,1)
         8: (20,20,0,255) #141400FF srgba(20,20,0,1)
        27: (21,0,0,255) #150000FF srgba(21,0,0,1)
        12: (21,21,0,255) #151500FF srgba(21,21,0,1)
        15: (22,0,0,255) #160000FF srgba(22,0,0,1)
         2: (22,22,0,255) #161600FF srgba(22,22,0,1)
        36: (23,0,0,255) #170000FF srgba(23,0,0,1)
        10: (23,23,0,255) #171700FF srgba(23,23,0,1)
        19: (24,0,0,255) #180000FF srgba(24,0,0,1)
        14: (24,24,0,255) #181800FF srgba(24,24,0,1)
        17: (25,0,0,255) #190000FF srgba(25,0,0,1)
         7: (25,25,0,255) #191900FF srgba(25,25,0,1)
        21: (26,0,0,255) #1A0000FF srgba(26,0,0,1)
         8: (26,26,0,255) #1A1A00FF srgba(26,26,0,1)
        15: (27,0,0,255) #1B0000FF srgba(27,0,0,1)
        29: (27,27,0,255) #1B1B00FF srgba(27,27,0,1)
        14: (28,0,0,255) #1C0000FF srgba(28,0,0,1)
         4: (28,28,0,255) #1C1C00FF srgba(28,28,0,1)
        15: (29,0,0,255) #1D0000FF srgba(29,0,0,1)
         7: (29,29,0,255) #1D1D00FF srgba(29,29,0,1)
        22: (30,0,0,255) #1E0000FF srgba(30,0,0,1)
         7: (30,30,0,255) #1E1E00FF srgba(30,30,0,1)
        16: (31,0,0,255) #1F0000FF srgba(31,0,0,1)
         7: (31,31,0,255) #1F1F00FF srgba(31,31,0,1)
        18: (32,0,0,255) #200000FF srgba(32,0,0,1)
        12: (32,32,0,255) #202000FF srgba(32,32,0,1)
        15: (33,0,0,255) #210000FF srgba(33,0,0,1)
         1: (33,33,0,255) #212100FF srgba(33,33,0,1)
        20: (34,0,0,255) #220000FF srgba(34,0,0,1)
        12: (34,34,0,255) #222200FF srgba(34,34,0,1)
        23: (35,0,0,255) #230000FF srgba(35,0,0,1)
         2: (35,35,0,255) #232300FF srgba(35,35,0,1)
        28: (36,0,0,255) #240000FF srgba(36,0,0,1)
         7: (36,36,0,255) #242400FF srgba(36,36,0,1)
         9: (37,0,0,255) #250000FF srgba(37,0,0,1)
         4: (37,37,0,255) #252500FF srgba(37,37,0,1)
        15: (38,0,0,255) #260000FF srgba(38,0,0,1)
         6: (38,38,0,255) #262600FF srgba(38,38,0,1)
        10: (39,0,0,255) #270000FF srgba(39,0,0,1)
         4: (39,39,0,255) #272700FF srgba(39,39,0,1)
        20: (40,0,0,255) #280000FF srgba(40,0,0,1)
         5: (40,40,0,255) #282800FF srgba(40,40,0,1)
        14: (41,0,0,255) #290000FF srgba(41,0,0,1)
         4: (41,41,0,255) #292900FF srgba(41,41,0,1)
        19: (42,0,0,255) #2A0000FF srgba(42,0,0,1)
         6: (42,42,0,255) #2A2A00FF srgba(42,42,0,1)
        25: (43,0,0,255) #2B0000FF srgba(43,0,0,1)
         6: (43,43,0,255) #2B2B00FF srgba(43,43,0,1)
        23: (44,0,0,255) #2C0000FF srgba(44,0,0,1)
         3: (44,44,0,255) #2C2C00FF srgba(44,44,0,1)
        14: (45,0,0,255) #2D0000FF srgba(45,0,0,1)
         6: (45,45,0,255) #2D2D00FF srgba(45,45,0,1)
        14: (46,0,0,255) #2E0000FF srgba(46,0,0,1)
         6: (46,46,0,255) #2E2E00FF srgba(46,46,0,1)
        17: (47,0,0,255) #2F0000FF srgba(47,0,0,1)
         3: (47,47,0,255) #2F2F00FF srgba(47,47,0,1)
        14: (48,0,0,255) #300000FF srgba(48,0,0,1)
         5: (48,48,0,255) #303000FF srgba(48,48,0,1)
        18: (49,0,0,255) #310000FF srgba(49,0,0,1)
         7: (49,49,0,255) #313100FF srgba(49,49,0,1)
         9: (50,0,0,255) #320000FF srgba(50,0,0,1)
         4: (50,50,0,255) #323200FF srgba(50,50,0,1)
        14: (51,0,0,255) #330000FF srgba(51,0,0,1)
         6: (51,51,0,255) #333300FF srgba(51,51,0,1)
        14: (52,0,0,255) #340000FF srgba(52,0,0,1)
         4: (52,52,0,255) #343400FF srgba(52,52,0,1)
        19: (53,0,0,255) #350000FF srgba(53,0,0,1)
         8: (53,53,0,255) #353500FF srgba(53,53,0,1)
        15: (54,0,0,255) #360000FF srgba(54,0,0,1)
         6: (54,54,0,255) #363600FF srgba(54,54,0,1)
        19: (55,0,0,255) #370000FF srgba(55,0,0,1)
         2: (55,55,0,255) #373700FF srgba(55,55,0,1)
        12: (56,0,0,255) #380000FF srgba(56,0,0,1)
         6: (56,56,0,255) #383800FF srgba(56,56,0,1)
        22: (57,0,0,255) #390000FF srgba(57,0,0,1)
         5: (57,57,0,255) #393900FF srgba(57,57,0,1)
        20: (58,0,0,255) #3A0000FF srgba(58,0,0,1)
         7: (58,58,0,255) #3A3A00FF srgba(58,58,0,1)
        17: (59,0,0,255) #3B0000FF srgba(59,0,0,1)
         2: (59,59,0,255) #3B3B00FF srgba(59,59,0,1)
        21: (60,0,0,255) #3C0000FF srgba(60,0,0,1)
         4: (60,60,0,255) #3C3C00FF srgba(60,60,0,1)
        17: (61,0,0,255) #3D0000FF srgba(61,0,0,1)
         6: (61,61,0,255) #3D3D00FF srgba(61,61,0,1)
        13: (62,0,0,255) #3E0000FF srgba(62,0,0,1)
         9: (62,62,0,255) #3E3E00FF srgba(62,62,0,1)
         9: (63,0,0,255) #3F0000FF srgba(63,0,0,1)
         7: (63,63,0,255) #3F3F00FF srgba(63,63,0,1)
        26: (64,0,0,255) #400000FF srgba(64,0,0,1)
         3: (64,64,0,255) #404000FF srgba(64,64,0,1)
        21: (65,0,0,255) #410000FF srgba(65,0,0,1)
         2: (65,65,0,255) #414100FF srgba(65,65,0,1)
        13: (66,0,0,255) #420000FF srgba(66,0,0,1)
         6: (66,66,0,255) #424200FF srgba(66,66,0,1)
        15: (67,0,0,255) #430000FF srgba(67,0,0,1)
         4: (67,67,0,255) #434300FF srgba(67,67,0,1)
        14: (68,0,0,255) #440000FF srgba(68,0,0,1)
         5: (68,68,0,255) #444400FF srgba(68,68,0,1)
        23: (69,0,0,255) #450000FF srgba(69,0,0,1)
         3: (69,69,0,255) #454500FF srgba(69,69,0,1)
         9: (70,0,0,255) #460000FF srgba(70,0,0,1)
         3: (70,70,0,255) #464600FF srgba(70,70,0,1)
        19: (71,0,0,255) #470000FF srgba(71,0,0,1)
         4: (71,71,0,255) #474700FF srgba(71,71,0,1)
        17: (72,0,0,255) #480000FF srgba(72,0,0,1)
         5: (72,72,0,255) #484800FF srgba(72,72,0,1)
        13: (73,0,0,255) #490000FF srgba(73,0,0,1)
         3: (73,73,0,255) #494900FF srgba(73,73,0,1)
        19: (74,0,0,255) #4A0000FF srgba(74,0,0,1)
         8: (74,74,0,255) #4A4A00FF srgba(74,74,0,1)
        18: (75,0,0,255) #4B0000FF srgba(75,0,0,1)
         7: (75,75,0,255) #4B4B00FF srgba(75,75,0,1)
        17: (76,0,0,255) #4C0000FF srgba(76,0,0,1)
         5: (76,76,0,255) #4C4C00FF srgba(76,76,0,1)
        20: (77,0,0,255) #4D0000FF srgba(77,0,0,1)
         6: (77,77,0,255) #4D4D00FF srgba(77,77,0,1)
        12: (78,0,0,255) #4E0000FF srgba(78,0,0,1)
         5: (78,78,0,255) #4E4E00FF srgba(78,78,0,1)
        18: (79,0,0,255) #4F0000FF srgba(79,0,0,1)
         4: (79,79,0,255) #4F4F00FF srgba(79,79,0,1)
        13: (80,0,0,255) #500000FF srgba(80,0,0,1)
         2: (80,80,0,255) #505000FF srgba(80,80,0,1)
        17: (81,0,0,255) #510000FF srgba(81,0,0,1)
         6: (81,81,0,255) #515100FF srgba(81,81,0,1)
        13: (82,0,0,255) #520000FF srgba(82,0,0,1)
         4: (82,82,0,255) #525200FF srgba(82,82,0,1)
        18: (83,0,0,255) #530000FF srgba(83,0,0,1)
         8: (83,83,0,255) #535300FF srgba(83,83,0,1)
        12: (84,0,0,255) #540000FF srgba(84,0,0,1)
         3: (84,84,0,255) #545400FF srgba(84,84,0,1)
        26: (85,0,0,255) #550000FF srgba(85,0,0,1)
         9: (85,85,0,255) #555500FF srgba(85,85,0,1)
        13: (86,0,0,255) #560000FF srgba(86,0,0,1)
         4: (86,86,0,255) #565600FF srgba(86,86,0,1)
        12: (87,0,0,255) #570000FF srgba(87,0,0,1)
         1: (87,87,0,255) #575700FF srgba(87,87,0,1)
        21: (88,0,0,255) #580000FF srgba(88,0,0,1)
         3: (88,88,0,255) #585800FF srgba(88,88,0,1)
        17: (89,0,0,255) #590000FF srgba(89,0,0,1)
         4: (89,89,0,255) #595900FF srgba(89,89,0,1)
        15: (90,0,0,255) #5A0000FF srgba(90,0,0,1)
         4: (90,90,0,255) #5A5A00FF srgba(90,90,0,1)
        24: (91,0,0,255) #5B0000FF srgba(91,0,0,1)
         2: (91,91,0,255) #5B5B00FF srgba(91,91,0,1)
        38: (92,0,0,255) #5C0000FF srgba(92,0,0,1)
        10: (92,92,0,255) #5C5C00FF srgba(92,92,0,1)
        21: (93,0,0,255) #5D0000FF srgba(93,0,0,1)
         6: (93,93,0,255) #5D5D00FF srgba(93,93,0,1)
        46: (94,0,0,255) #5E0000FF srgba(94,0,0,1)
         3: (94,94,0,255) #5E5E00FF srgba(94,94,0,1)
        20: (95,0,0,255) #5F0000FF srgba(95,0,0,1)
         3: (95,95,0,255) #5F5F00FF srgba(95,95,0,1)
        15: (96,0,0,255) #600000FF srgba(96,0,0,1)
         3: (96,96,0,255) #606000FF srgba(96,96,0,1)
        19: (97,0,0,255) #610000FF srgba(97,0,0,1)
         3: (97,97,0,255) #616100FF srgba(97,97,0,1)
        13: (98,0,0,255) #620000FF srgba(98,0,0,1)
         9: (98,98,0,255) #626200FF srgba(98,98,0,1)
        31: (99,0,0,255) #630000FF srgba(99,0,0,1)
         3: (99,99,0,255) #636300FF srgba(99,99,0,1)
        27: (100,0,0,255) #640000FF srgba(100,0,0,1)
         5: (100,100,0,255) #646400FF srgba(100,100,0,1)
        26: (101,0,0,255) #650000FF srgba(101,0,0,1)
         5: (101,101,0,255) #656500FF srgba(101,101,0,1)
        47: (102,0,0,255) #660000FF srgba(102,0,0,1)
         3: (102,102,0,255) #666600FF srgba(102,102,0,1)
        12: (103,0,0,255) #670000FF srgba(103,0,0,1)
         6: (103,103,0,255) #676700FF srgba(103,103,0,1)
        13: (104,0,0,255) #680000FF srgba(104,0,0,1)
         4: (104,104,0,255) #686800FF srgba(104,104,0,1)
        21: (105,0,0,255) #690000FF srgba(105,0,0,1)
         2: (105,105,0,255) #696900FF srgba(105,105,0,1)
        26: (106,0,0,255) #6A0000FF srgba(106,0,0,1)
         2: (106,106,0,255) #6A6A00FF srgba(106,106,0,1)
        24: (107,0,0,255) #6B0000FF srgba(107,0,0,1)
         2: (107,107,0,255) #6B6B00FF srgba(107,107,0,1)
        20: (108,0,0,255) #6C0000FF srgba(108,0,0,1)
         4: (108,108,0,255) #6C6C00FF srgba(108,108,0,1)
        19: (109,0,0,255) #6D0000FF srgba(109,0,0,1)
         8: (109,109,0,255) #6D6D00FF srgba(109,109,0,1)
        19: (110,0,0,255) #6E0000FF srgba(110,0,0,1)
         2: (110,110,0,255) #6E6E00FF srgba(110,110,0,1)
        18: (111,0,0,255) #6F0000FF srgba(111,0,0,1)
        90: (111,111,0,255) #6F6F00FF srgba(111,111,0,1)
        22: (112,0,0,255) #700000FF srgba(112,0,0,1)
         7: (112,112,0,255) #707000FF srgba(112,112,0,1)
        60: (113,0,0,255) #710000FF srgba(113,0,0,1)
         2: (113,113,0,255) #717100FF srgba(113,113,0,1)
        18: (114,0,0,255) #720000FF srgba(114,0,0,1)
         6: (114,114,0,255) #727200FF srgba(114,114,0,1)
        16: (115,0,0,255) #730000FF srgba(115,0,0,1)
         4: (115,115,0,255) #737300FF srgba(115,115,0,1)
        14: (116,0,0,255) #740000FF srgba(116,0,0,1)
         4: (116,116,0,255) #747400FF srgba(116,116,0,1)
        57: (117,0,0,255) #750000FF srgba(117,0,0,1)
         4: (117,117,0,255) #757500FF srgba(117,117,0,1)
        14: (118,0,0,255) #760000FF srgba(118,0,0,1)
         6: (118,118,0,255) #767600FF srgba(118,118,0,1)
        62: (119,0,0,255) #770000FF srgba(119,0,0,1)
         8: (119,119,0,255) #777700FF srgba(119,119,0,1)
        43: (120,0,0,255) #780000FF srgba(120,0,0,1)
         4: (120,120,0,255) #787800FF srgba(120,120,0,1)
        27: (121,0,0,255) #790000FF srgba(121,0,0,1)
         4: (121,121,0,255) #797900FF srgba(121,121,0,1)
        32: (122,0,0,255) #7A0000FF srgba(122,0,0,1)
         5: (122,122,0,255) #7A7A00FF srgba(122,122,0,1)
        34: (123,0,0,255) #7B0000FF srgba(123,0,0,1)
         5: (123,123,0,255) #7B7B00FF srgba(123,123,0,1)
        48: (124,0,0,255) #7C0000FF srgba(124,0,0,1)
         3: (124,124,0,255) #7C7C00FF srgba(124,124,0,1)
        59: (125,0,0,255) #7D0000FF srgba(125,0,0,1)
         4: (125,125,0,255) #7D7D00FF srgba(125,125,0,1)
        56: (126,0,0,255) #7E0000FF srgba(126,0,0,1)
         4: (126,126,0,255) #7E7E00FF srgba(126,126,0,1)
        81: (127,0,0,255) #7F0000FF srgba(127,0,0,1)
         7: (127,127,0,255) #7F7F00FF srgba(127,127,0,1)
    149710: (128,0,0,255) #800000FF maroon
         6: (128,128,0,255) #808000FF olive
         2: (129,129,0,255) #818100FF srgba(129,129,0,1)
         2: (130,130,0,255) #828200FF srgba(130,130,0,1)
         4: (131,131,0,255) #838300FF srgba(131,131,0,1)
         4: (132,132,0,255) #848400FF srgba(132,132,0,1)
         6: (133,133,0,255) #858500FF srgba(133,133,0,1)
         4: (134,134,0,255) #868600FF srgba(134,134,0,1)
         5: (135,135,0,255) #878700FF srgba(135,135,0,1)
         5: (136,136,0,255) #888800FF srgba(136,136,0,1)
         3: (137,137,0,255) #898900FF srgba(137,137,0,1)
         3: (138,138,0,255) #8A8A00FF srgba(138,138,0,1)
         7: (139,139,0,255) #8B8B00FF srgba(139,139,0,1)
         3: (140,140,0,255) #8C8C00FF srgba(140,140,0,1)
         4: (141,141,0,255) #8D8D00FF srgba(141,141,0,1)
         5: (142,142,0,255) #8E8E00FF srgba(142,142,0,1)
         5: (143,143,0,255) #8F8F00FF srgba(143,143,0,1)
         1: (144,144,0,255) #909000FF srgba(144,144,0,1)
         3: (145,145,0,255) #919100FF srgba(145,145,0,1)
         8: (146,146,0,255) #929200FF srgba(146,146,0,1)
         2: (147,147,0,255) #939300FF srgba(147,147,0,1)
         7: (148,148,0,255) #949400FF srgba(148,148,0,1)
         3: (149,149,0,255) #959500FF srgba(149,149,0,1)
         8: (150,150,0,255) #969600FF srgba(150,150,0,1)
         3: (151,151,0,255) #979700FF srgba(151,151,0,1)
         4: (152,152,0,255) #989800FF srgba(152,152,0,1)
        12: (153,153,0,255) #999900FF srgba(153,153,0,1)
         6: (154,154,0,255) #9A9A00FF srgba(154,154,0,1)
         5: (155,155,0,255) #9B9B00FF srgba(155,155,0,1)
         6: (156,156,0,255) #9C9C00FF srgba(156,156,0,1)
         2: (157,157,0,255) #9D9D00FF srgba(157,157,0,1)
         4: (158,158,0,255) #9E9E00FF srgba(158,158,0,1)
        10: (159,159,0,255) #9F9F00FF srgba(159,159,0,1)
         4: (160,160,0,255) #A0A000FF srgba(160,160,0,1)
         7: (161,161,0,255) #A1A100FF srgba(161,161,0,1)
         7: (162,162,0,255) #A2A200FF srgba(162,162,0,1)
         4: (163,163,0,255) #A3A300FF srgba(163,163,0,1)
         3: (164,164,0,255) #A4A400FF srgba(164,164,0,1)
         6: (165,165,0,255) #A5A500FF srgba(165,165,0,1)
         5: (166,166,0,255) #A6A600FF srgba(166,166,0,1)
         7: (167,167,0,255) #A7A700FF srgba(167,167,0,1)
         7: (168,168,0,255) #A8A800FF srgba(168,168,0,1)
         5: (169,169,0,255) #A9A900FF srgba(169,169,0,1)
         2: (170,170,0,255) #AAAA00FF srgba(170,170,0,1)
         5: (171,171,0,255) #ABAB00FF srgba(171,171,0,1)
         6: (172,172,0,255) #ACAC00FF srgba(172,172,0,1)
         6: (173,173,0,255) #ADAD00FF srgba(173,173,0,1)
         6: (174,174,0,255) #AEAE00FF srgba(174,174,0,1)
         2: (175,175,0,255) #AFAF00FF srgba(175,175,0,1)
         4: (176,176,0,255) #B0B000FF srgba(176,176,0,1)
         2: (177,177,0,255) #B1B100FF srgba(177,177,0,1)
         3: (178,178,0,255) #B2B200FF srgba(178,178,0,1)
         5: (179,179,0,255) #B3B300FF srgba(179,179,0,1)
         8: (180,180,0,255) #B4B400FF srgba(180,180,0,1)
         5: (181,181,0,255) #B5B500FF srgba(181,181,0,1)
         3: (182,182,0,255) #B6B600FF srgba(182,182,0,1)
         4: (183,183,0,255) #B7B700FF srgba(183,183,0,1)
         2: (184,184,0,255) #B8B800FF srgba(184,184,0,1)
         4: (185,185,0,255) #B9B900FF srgba(185,185,0,1)
         2: (186,186,0,255) #BABA00FF srgba(186,186,0,1)
        15: (187,187,0,255) #BBBB00FF srgba(187,187,0,1)
         5: (188,188,0,255) #BCBC00FF srgba(188,188,0,1)
         4: (189,189,0,255) #BDBD00FF srgba(189,189,0,1)
        11: (190,190,0,255) #BEBE00FF srgba(190,190,0,1)
         6: (191,191,0,255) #BFBF00FF srgba(191,191,0,1)
         5: (192,192,0,255) #C0C000FF srgba(192,192,0,1)
         4: (193,193,0,255) #C1C100FF srgba(193,193,0,1)
         5: (194,194,0,255) #C2C200FF srgba(194,194,0,1)
         2: (195,195,0,255) #C3C300FF srgba(195,195,0,1)
         5: (196,196,0,255) #C4C400FF srgba(196,196,0,1)
         4: (197,197,0,255) #C5C500FF srgba(197,197,0,1)
        34: (198,198,0,255) #C6C600FF srgba(198,198,0,1)
         4: (199,199,0,255) #C7C700FF srgba(199,199,0,1)
         4: (200,200,0,255) #C8C800FF srgba(200,200,0,1)
         7: (201,201,0,255) #C9C900FF srgba(201,201,0,1)
         4: (202,202,0,255) #CACA00FF srgba(202,202,0,1)
         9: (203,203,0,255) #CBCB00FF srgba(203,203,0,1)
         8: (204,204,0,255) #CCCC00FF srgba(204,204,0,1)
         5: (205,205,0,255) #CDCD00FF srgba(205,205,0,1)
        12: (206,206,0,255) #CECE00FF srgba(206,206,0,1)
         3: (207,207,0,255) #CFCF00FF srgba(207,207,0,1)
         5: (208,208,0,255) #D0D000FF srgba(208,208,0,1)
        20: (209,209,0,255) #D1D100FF srgba(209,209,0,1)
         5: (210,210,0,255) #D2D200FF srgba(210,210,0,1)
         5: (211,211,0,255) #D3D300FF srgba(211,211,0,1)
         4: (212,212,0,255) #D4D400FF srgba(212,212,0,1)
         7: (213,213,0,255) #D5D500FF srgba(213,213,0,1)
         5: (214,214,0,255) #D6D600FF srgba(214,214,0,1)
        13: (215,215,0,255) #D7D700FF srgba(215,215,0,1)
         6: (216,216,0,255) #D8D800FF srgba(216,216,0,1)
        10: (217,217,0,255) #D9D900FF srgba(217,217,0,1)
         5: (218,218,0,255) #DADA00FF srgba(218,218,0,1)
         6: (219,219,0,255) #DBDB00FF srgba(219,219,0,1)
         8: (220,220,0,255) #DCDC00FF srgba(220,220,0,1)
        27: (221,221,0,255) #DDDD00FF srgba(221,221,0,1)
         5: (222,222,0,255) #DEDE00FF srgba(222,222,0,1)
         5: (223,223,0,255) #DFDF00FF srgba(223,223,0,1)
         5: (224,224,0,255) #E0E000FF srgba(224,224,0,1)
        11: (225,225,0,255) #E1E100FF srgba(225,225,0,1)
         5: (226,226,0,255) #E2E200FF srgba(226,226,0,1)
         4: (227,227,0,255) #E3E300FF srgba(227,227,0,1)
         6: (228,228,0,255) #E4E400FF srgba(228,228,0,1)
         2: (229,229,0,255) #E5E500FF srgba(229,229,0,1)
        15: (230,230,0,255) #E6E600FF srgba(230,230,0,1)
        11: (231,231,0,255) #E7E700FF srgba(231,231,0,1)
         4: (232,232,0,255) #E8E800FF srgba(232,232,0,1)
         6: (233,233,0,255) #E9E900FF srgba(233,233,0,1)
         6: (234,234,0,255) #EAEA00FF srgba(234,234,0,1)
         8: (235,235,0,255) #EBEB00FF srgba(235,235,0,1)
        11: (236,236,0,255) #ECEC00FF srgba(236,236,0,1)
         8: (237,237,0,255) #EDED00FF srgba(237,237,0,1)
        12: (238,238,0,255) #EEEE00FF srgba(238,238,0,1)
         6: (239,239,0,255) #EFEF00FF srgba(239,239,0,1)
         7: (240,240,0,255) #F0F000FF srgba(240,240,0,1)
         8: (241,241,0,255) #F1F100FF srgba(241,241,0,1)
         5: (242,242,0,255) #F2F200FF srgba(242,242,0,1)
        12: (243,243,0,255) #F3F300FF srgba(243,243,0,1)
        13: (244,244,0,255) #F4F400FF srgba(244,244,0,1)
        10: (245,245,0,255) #F5F500FF srgba(245,245,0,1)
        14: (246,246,0,255) #F6F600FF srgba(246,246,0,1)
        10: (247,247,0,255) #F7F700FF srgba(247,247,0,1)
         6: (248,248,0,255) #F8F800FF srgba(248,248,0,1)
        18: (249,249,0,255) #F9F900FF srgba(249,249,0,1)
        10: (250,250,0,255) #FAFA00FF srgba(250,250,0,1)
        15: (251,251,0,255) #FBFB00FF srgba(251,251,0,1)
        19: (252,252,0,255) #FCFC00FF srgba(252,252,0,1)
        17: (253,253,0,255) #FDFD00FF srgba(253,253,0,1)
        24: (254,254,0,255) #FEFE00FF srgba(254,254,0,1)
     31034: (255,255,0,255) #FFFF00FF yellow
