   3012244: (0,0,0,0) #00000000 none
      7473: (0,0,0,253) #000000FD srgba(0,0,0,0.992157)
      7389: (0,0,0,242) #000000F2 srgba(0,0,0,0.94902)
      4197: (0,0,0,255) #000000FF black
       343: (0,0,0,1) #00000001 srgba(0,0,0,0.00392157)
       195: (0,0,0,254) #000000FE srgba(0,0,0,0.996078)
       138: (0,0,0,2) #00000002 srgba(0,0,0,0.00784314)
       133: (0,0,0,8) #00000008 srgba(0,0,0,0.0313725)
       130: (0,0,0,252) #000000FC srgba(0,0,0,0.988235)
       117: (0,0,0,3) #00000003 srgba(0,0,0,0.0117647)
       103: (0,0,0,251) #000000FB srgba(0,0,0,0.984314)
       102: (0,0,0,14) #0000000E srgba(0,0,0,0.054902)
       100: (0,0,0,250) #000000FA srgba(0,0,0,0.980392)
        98: (0,0,0,6) #00000006 srgba(0,0,0,0.0235294)
        93: (0,0,0,248) #000000F8 srgba(0,0,0,0.972549)
        90: (0,0,0,129) #00000081 srgba(0,0,0,0.505882)
        90: (0,0,0,5) #00000005 srgba(0,0,0,0.0196078)
        87: (0,0,0,147) #00000093 srgba(0,0,0,0.576471)
        85: (0,0,0,4) #00000004 srgba(0,0,0,0.0156863)
        83: (0,0,0,249) #000000F9 srgba(0,0,0,0.976471)
        82: (0,0,0,17) #00000011 srgba(0,0,0,0.0666667)
        77: (0,0,0,238) #000000EE srgba(0,0,0,0.933333)
        76: (0,0,0,170) #000000AA srgba(0,0,0,0.666667)
        75: (0,0,0,247) #000000F7 srgba(0,0,0,0.968627)
        73: (0,0,0,11) #0000000B srgba(0,0,0,0.0431373)
        72: (0,0,0,7) #00000007 srgba(0,0,0,0.027451)
        71: (0,0,0,10) #0000000A srgba(0,0,0,0.0392157)
        71: (0,0,0,102) #00000066 srgba(0,0,0,0.4)
        69: (0,0,0,12) #0000000C srgba(0,0,0,0.0470588)
        67: (0,0,0,58) #0000003A srgba(0,0,0,0.227451)
        65: (0,0,0,244) #000000F4 srgba(0,0,0,0.956863)
        64: (0,0,0,245) #000000F5 srgba(0,0,0,0.960784)
        64: (0,0,0,219) #000000DB srgba(0,0,0,0.858824)
        63: (0,0,0,153) #00000099 srgba(0,0,0,0.6)
        63: (0,0,0,243) #000000F3 srgba(0,0,0,0.952941)
        62: (0,0,0,13) #0000000D srgba(0,0,0,0.0509804)
        61: (0,0,0,9) #00000009 srgba(0,0,0,0.0352941)
        61: (0,0,0,119) #00000077 srgba(0,0,0,0.466667)
        59: (0,0,0,15) #0000000F srgba(0,0,0,0.0588235)
        58: (0,0,0,22) #00000016 srgba(0,0,0,0.0862745)
        58: (0,0,0,246) #000000F6 srgba(0,0,0,0.964706)
        56: (0,0,0,16) #00000010 srgba(0,0,0,0.0627451)
        56: (0,0,0,23) #00000017 srgba(0,0,0,0.0901961)
        53: (0,0,0,234) #000000EA srgba(0,0,0,0.917647)
        53: (0,0,0,36) #00000024 srgba(0,0,0,0.141176)
        53: (0,0,0,237) #000000ED srgba(0,0,0,0.929412)
        52: (0,0,0,227) #000000E3 srgba(0,0,0,0.890196)
        51: (0,0,0,18) #00000012 srgba(0,0,0,0.0705882)
        51: (0,0,0,235) #000000EB srgba(0,0,0,0.921569)
        51: (0,0,0,239) #000000EF srgba(0,0,0,0.937255)
        50: (0,0,0,240) #000000F0 srgba(0,0,0,0.941176)
        49: (0,0,0,32) #00000020 srgba(0,0,0,0.12549)
        49: (0,0,0,232) #000000E8 srgba(0,0,0,0.909804)
        48: (0,0,0,222) #000000DE srgba(0,0,0,0.870588)
        48: (0,0,0,229) #000000E5 srgba(0,0,0,0.898039)
        48: (0,0,0,236) #000000EC srgba(0,0,0,0.92549)
        47: (0,0,0,216) #000000D8 srgba(0,0,0,0.847059)
        47: (0,0,0,19) #00000013 srgba(0,0,0,0.0745098)
        47: (0,0,0,221) #000000DD srgba(0,0,0,0.866667)
        47: (0,0,0,46) #0000002E srgba(0,0,0,0.180392)
        47: (0,0,0,230) #000000E6 srgba(0,0,0,0.901961)
        46: (0,0,0,231) #000000E7 srgba(0,0,0,0.905882)
        45: (0,0,0,224) #000000E0 srgba(0,0,0,0.878431)
        45: (0,0,0,233) #000000E9 srgba(0,0,0,0.913725)
        44: (0,0,0,25) #00000019 srgba(0,0,0,0.0980392)
        44: (0,0,0,135) #00000087 srgba(0,0,0,0.529412)
        44: (0,0,0,130) #00000082 srgba(0,0,0,0.509804)
        44: (0,0,0,241) #000000F1 srgba(0,0,0,0.945098)
        44: (0,0,0,214) #000000D6 srgba(0,0,0,0.839216)
        44: (0,0,0,223) #000000DF srgba(0,0,0,0.87451)
        44: (0,0,0,30) #0000001E srgba(0,0,0,0.117647)
        43: (0,0,0,115) #00000073 srgba(0,0,0,0.45098)
        43: (0,0,0,192) #000000C0 srgba(0,0,0,0.752941)
        43: (0,0,0,33) #00000021 srgba(0,0,0,0.129412)
        43: (0,0,0,34) #00000022 srgba(0,0,0,0.133333)
        43: (0,0,0,228) #000000E4 srgba(0,0,0,0.894118)
        43: (0,0,0,197) #000000C5 srgba(0,0,0,0.772549)
        43: (0,0,0,21) #00000015 srgba(0,0,0,0.0823529)
        43: (0,0,0,26) #0000001A srgba(0,0,0,0.101961)
        42: (0,0,0,99) #00000063 srgba(0,0,0,0.388235)
        42: (0,0,0,85) #00000055 srgba(0,0,0,0.333333)
        42: (0,0,0,41) #00000029 srgba(0,0,0,0.160784)
        42: (0,0,0,111) #0000006F srgba(0,0,0,0.435294)
        42: (0,0,0,202) #000000CA srgba(0,0,0,0.792157)
        41: (0,0,0,133) #00000085 srgba(0,0,0,0.521569)
        41: (0,0,0,134) #00000086 srgba(0,0,0,0.52549)
        41: (0,0,0,203) #000000CB srgba(0,0,0,0.796078)
        41: (0,0,0,167) #000000A7 srgba(0,0,0,0.654902)
        41: (0,0,0,24) #00000018 srgba(0,0,0,0.0941176)
        41: (0,0,0,191) #000000BF srgba(0,0,0,0.74902)
        40: (0,0,0,196) #000000C4 srgba(0,0,0,0.768627)
        40: (0,0,0,141) #0000008D srgba(0,0,0,0.552941)
        40: (0,0,0,84) #00000054 srgba(0,0,0,0.329412)
        40: (0,0,0,225) #000000E1 srgba(0,0,0,0.882353)
        40: (0,0,0,136) #00000088 srgba(0,0,0,0.533333)
        40: (0,0,0,185) #000000B9 srgba(0,0,0,0.72549)
        40: (0,0,0,212) #000000D4 srgba(0,0,0,0.831373)
        40: (0,0,0,157) #0000009D srgba(0,0,0,0.615686)
        40: (0,0,0,180) #000000B4 srgba(0,0,0,0.705882)
        40: (0,0,0,29) #0000001D srgba(0,0,0,0.113725)
        39: (0,0,0,64) #00000040 srgba(0,0,0,0.25098)
        39: (0,0,0,88) #00000058 srgba(0,0,0,0.345098)
        39: (0,0,0,218) #000000DA srgba(0,0,0,0.854902)
        39: (0,0,0,190) #000000BE srgba(0,0,0,0.745098)
        39: (0,0,0,27) #0000001B srgba(0,0,0,0.105882)
        39: (0,0,0,110) #0000006E srgba(0,0,0,0.431373)
        38: (0,0,0,60) #0000003C srgba(0,0,0,0.235294)
        38: (0,0,0,20) #00000014 srgba(0,0,0,0.0784314)
        38: (0,0,0,226) #000000E2 srgba(0,0,0,0.886275)
        38: (0,0,0,73) #00000049 srgba(0,0,0,0.286275)
        38: (0,0,0,42) #0000002A srgba(0,0,0,0.164706)
        38: (0,0,0,39) #00000027 srgba(0,0,0,0.152941)
        38: (0,0,0,45) #0000002D srgba(0,0,0,0.176471)
        38: (0,0,0,205) #000000CD srgba(0,0,0,0.803922)
        38: (0,0,0,81) #00000051 srgba(0,0,0,0.317647)
        37: (0,0,0,100) #00000064 srgba(0,0,0,0.392157)
        37: (0,0,0,94) #0000005E srgba(0,0,0,0.368627)
        37: (0,0,0,199) #000000C7 srgba(0,0,0,0.780392)
        37: (0,0,0,37) #00000025 srgba(0,0,0,0.145098)
        37: (0,0,0,105) #00000069 srgba(0,0,0,0.411765)
        37: (0,0,0,213) #000000D5 srgba(0,0,0,0.835294)
        37: (0,0,0,47) #0000002F srgba(0,0,0,0.184314)
        37: (0,0,0,28) #0000001C srgba(0,0,0,0.109804)
        37: (0,0,0,175) #000000AF srgba(0,0,0,0.686275)
        37: (0,0,0,217) #000000D9 srgba(0,0,0,0.85098)
        37: (0,0,0,209) #000000D1 srgba(0,0,0,0.819608)
        37: (0,0,0,160) #000000A0 srgba(0,0,0,0.627451)
        37: (0,0,0,69) #00000045 srgba(0,0,0,0.270588)
        36: (0,0,0,43) #0000002B srgba(0,0,0,0.168627)
        36: (0,0,0,48) #00000030 srgba(0,0,0,0.188235)
        36: (0,0,0,207) #000000CF srgba(0,0,0,0.811765)
        36: (0,0,0,52) #00000034 srgba(0,0,0,0.203922)
        36: (0,0,0,67) #00000043 srgba(0,0,0,0.262745)
        36: (0,0,0,148) #00000094 srgba(0,0,0,0.580392)
        36: (0,0,0,63) #0000003F srgba(0,0,0,0.247059)
        36: (0,0,0,125) #0000007D srgba(0,0,0,0.490196)
        36: (0,0,0,79) #0000004F srgba(0,0,0,0.309804)
        35: (0,0,0,31) #0000001F srgba(0,0,0,0.121569)
        35: (0,0,0,40) #00000028 srgba(0,0,0,0.156863)
        35: (0,0,0,200) #000000C8 srgba(0,0,0,0.784314)
        35: (0,0,0,169) #000000A9 srgba(0,0,0,0.662745)
        35: (0,0,0,206) #000000CE srgba(0,0,0,0.807843)
        35: (0,0,0,189) #000000BD srgba(0,0,0,0.741176)
        35: (0,0,0,210) #000000D2 srgba(0,0,0,0.823529)
        35: (0,0,0,211) #000000D3 srgba(0,0,0,0.827451)
        34: (0,0,0,179) #000000B3 srgba(0,0,0,0.701961)
        34: (0,0,0,44) #0000002C srgba(0,0,0,0.172549)
        34: (0,0,0,121) #00000079 srgba(0,0,0,0.47451)
        34: (0,0,0,51) #00000033 srgba(0,0,0,0.2)
        34: (0,0,0,123) #0000007B srgba(0,0,0,0.482353)
        34: (0,0,0,96) #00000060 srgba(0,0,0,0.376471)
        34: (0,0,0,61) #0000003D srgba(0,0,0,0.239216)
        34: (0,0,0,91) #0000005B srgba(0,0,0,0.356863)
        34: (0,0,0,195) #000000C3 srgba(0,0,0,0.764706)
        34: (0,0,0,188) #000000BC srgba(0,0,0,0.737255)
        34: (0,0,0,140) #0000008C srgba(0,0,0,0.54902)
        34: (0,0,0,83) #00000053 srgba(0,0,0,0.32549)
        34: (0,0,0,35) #00000023 srgba(0,0,0,0.137255)
        33: (0,0,0,149) #00000095 srgba(0,0,0,0.584314)
        33: (0,0,0,65) #00000041 srgba(0,0,0,0.254902)
        33: (0,0,0,177) #000000B1 srgba(0,0,0,0.694118)
        33: (0,0,0,204) #000000CC srgba(0,0,0,0.8)
        33: (0,0,0,59) #0000003B srgba(0,0,0,0.231373)
        33: (0,0,0,220) #000000DC srgba(0,0,0,0.862745)
        33: (0,0,0,171) #000000AB srgba(0,0,0,0.670588)
        32: (0,0,0,77) #0000004D srgba(0,0,0,0.301961)
        32: (0,0,0,87) #00000057 srgba(0,0,0,0.341176)
        32: (0,0,0,56) #00000038 srgba(0,0,0,0.219608)
        32: (0,0,0,55) #00000037 srgba(0,0,0,0.215686)
        32: (0,0,0,113) #00000071 srgba(0,0,0,0.443137)
        32: (0,0,0,57) #00000039 srgba(0,0,0,0.223529)
        32: (0,0,0,93) #0000005D srgba(0,0,0,0.364706)
        32: (0,0,0,152) #00000098 srgba(0,0,0,0.596078)
        32: (0,0,0,103) #00000067 srgba(0,0,0,0.403922)
        32: (0,0,0,90) #0000005A srgba(0,0,0,0.352941)
        31: (0,0,0,114) #00000072 srgba(0,0,0,0.447059)
        31: (0,0,0,198) #000000C6 srgba(0,0,0,0.776471)
        31: (0,0,0,165) #000000A5 srgba(0,0,0,0.647059)
        31: (0,0,0,181) #000000B5 srgba(0,0,0,0.709804)
        31: (0,0,0,120) #00000078 srgba(0,0,0,0.470588)
        31: (0,0,0,139) #0000008B srgba(0,0,0,0.545098)
        31: (0,0,0,76) #0000004C srgba(0,0,0,0.298039)
        31: (0,0,0,50) #00000032 srgba(0,0,0,0.196078)
        31: (0,0,0,106) #0000006A srgba(0,0,0,0.415686)
        30: (0,0,0,62) #0000003E srgba(0,0,0,0.243137)
        30: (0,0,0,86) #00000056 srgba(0,0,0,0.337255)
        30: (0,0,0,117) #00000075 srgba(0,0,0,0.458824)
        30: (0,0,0,127) #0000007F srgba(0,0,0,0.498039)
        30: (0,0,0,78) #0000004E srgba(0,0,0,0.305882)
        30: (0,0,0,208) #000000D0 srgba(0,0,0,0.815686)
        30: (0,0,0,201) #000000C9 srgba(0,0,0,0.788235)
        30: (0,0,0,194) #000000C2 srgba(0,0,0,0.760784)
        30: (0,0,0,132) #00000084 srgba(0,0,0,0.517647)
        30: (0,0,0,72) #00000048 srgba(0,0,0,0.282353)
        30: (0,0,0,176) #000000B0 srgba(0,0,0,0.690196)
        29: (0,0,0,124) #0000007C srgba(0,0,0,0.486275)
        29: (0,0,0,128) #00000080 srgba(0,0,0,0.501961)
        29: (0,0,0,182) #000000B6 srgba(0,0,0,0.713725)
        29: (0,0,0,164) #000000A4 srgba(0,0,0,0.643137)
        29: (0,0,0,122) #0000007A srgba(0,0,0,0.478431)
        29: (0,0,0,112) #00000070 srgba(0,0,0,0.439216)
        29: (0,0,0,104) #00000068 srgba(0,0,0,0.407843)
        29: (0,0,0,66) #00000042 srgba(0,0,0,0.258824)
        29: (0,0,0,68) #00000044 srgba(0,0,0,0.266667)
        29: (0,0,0,101) #00000065 srgba(0,0,0,0.396078)
        29: (0,0,0,71) #00000047 srgba(0,0,0,0.278431)
        29: (0,0,0,75) #0000004B srgba(0,0,0,0.294118)
        29: (0,0,0,145) #00000091 srgba(0,0,0,0.568627)
        29: (0,0,0,159) #0000009F srgba(0,0,0,0.623529)
        29: (0,0,0,95) #0000005F srgba(0,0,0,0.372549)
        28: (0,0,0,150) #00000096 srgba(0,0,0,0.588235)
        28: (0,0,0,49) #00000031 srgba(0,0,0,0.192157)
        28: (0,0,0,162) #000000A2 srgba(0,0,0,0.635294)
        28: (0,0,0,53) #00000035 srgba(0,0,0,0.207843)
        28: (0,0,0,109) #0000006D srgba(0,0,0,0.427451)
        28: (0,0,0,158) #0000009E srgba(0,0,0,0.619608)
        28: (0,0,0,54) #00000036 srgba(0,0,0,0.211765)
        28: (0,0,0,187) #000000BB srgba(0,0,0,0.733333)
        27: (0,0,0,143) #0000008F srgba(0,0,0,0.560784)
        27: (0,0,0,131) #00000083 srgba(0,0,0,0.513725)
        27: (0,0,0,146) #00000092 srgba(0,0,0,0.572549)
        27: (0,0,0,183) #000000B7 srgba(0,0,0,0.717647)
        27: (0,0,0,89) #00000059 srgba(0,0,0,0.34902)
        27: (0,0,0,92) #0000005C srgba(0,0,0,0.360784)
        27: (0,0,0,156) #0000009C srgba(0,0,0,0.611765)
        27: (0,0,0,107) #0000006B srgba(0,0,0,0.419608)
        27: (0,0,0,161) #000000A1 srgba(0,0,0,0.631373)
        27: (0,0,0,166) #000000A6 srgba(0,0,0,0.65098)
        26: (0,0,0,137) #00000089 srgba(0,0,0,0.537255)
        26: (0,0,0,108) #0000006C srgba(0,0,0,0.423529)
        26: (0,0,0,80) #00000050 srgba(0,0,0,0.313725)
        26: (0,0,0,82) #00000052 srgba(0,0,0,0.321569)
        26: (0,0,0,173) #000000AD srgba(0,0,0,0.678431)
        26: (0,0,0,215) #000000D7 srgba(0,0,0,0.843137)
        26: (0,0,0,174) #000000AE srgba(0,0,0,0.682353)
        26: (0,0,0,163) #000000A3 srgba(0,0,0,0.639216)
        25: (0,0,0,116) #00000074 srgba(0,0,0,0.454902)
        25: (0,0,0,98) #00000062 srgba(0,0,0,0.384314)
        25: (0,0,0,38) #00000026 srgba(0,0,0,0.14902)
        25: (0,0,0,126) #0000007E srgba(0,0,0,0.494118)
        25: (0,0,0,154) #0000009A srgba(0,0,0,0.603922)
        25: (0,0,0,138) #0000008A srgba(0,0,0,0.541176)
        24: (0,0,0,172) #000000AC srgba(0,0,0,0.67451)
        24: (0,0,0,178) #000000B2 srgba(0,0,0,0.698039)
        24: (0,0,0,184) #000000B8 srgba(0,0,0,0.721569)
        24: (0,0,0,186) #000000BA srgba(0,0,0,0.729412)
        24: (0,0,0,74) #0000004A srgba(0,0,0,0.290196)
        24: (0,0,0,144) #00000090 srgba(0,0,0,0.564706)
        24: (0,0,0,151) #00000097 srgba(0,0,0,0.592157)
        23: (0,0,0,70) #00000046 srgba(0,0,0,0.27451)
        23: (0,0,0,155) #0000009B srgba(0,0,0,0.607843)
        23: (0,0,0,118) #00000076 srgba(0,0,0,0.462745)
        22: (0,0,0,168) #000000A8 srgba(0,0,0,0.658824)
        21: (0,0,0,142) #0000008E srgba(0,0,0,0.556863)
        21: (0,0,0,97) #00000061 srgba(0,0,0,0.380392)
        20: (0,0,0,193) #000000C1 srgba(0,0,0,0.756863)
       197: (0,0,127,255) #00007FFF srgba(0,0,127,1)
     69504: (0,0,128,255) #000080FF navy
        33: (0,0,128,2) #00008002 srgba(0,0,128,0.00784314)
        31: (0,0,128,254) #000080FE srgba(0,0,128,0.996078)
        29: (0,0,128,153) #00008099 srgba(0,0,128,0.6)
        28: (0,0,128,253) #000080FD srgba(0,0,128,0.992157)
        25: (0,0,128,6) #00008006 srgba(0,0,128,0.0235294)
        24: (0,0,128,252) #000080FC srgba(0,0,128,0.988235)
        21: (0,0,128,251) #000080FB srgba(0,0,128,0.984314)
        21: (0,0,128,243) #000080F3 srgba(0,0,128,0.952941)
        20: (0,0,128,250) #000080FA srgba(0,0,128,0.980392)
        20: (0,0,128,4) #00008004 srgba(0,0,128,0.0156863)
        20: (0,0,128,218) #000080DA srgba(0,0,128,0.854902)
        19: (0,0,128,191) #000080BF srgba(0,0,128,0.74902)
        18: (0,0,128,14) #0000800E srgba(0,0,128,0.054902)
        17: (0,0,128,247) #000080F7 srgba(0,0,128,0.968627)
        16: (0,0,128,216) #000080D8 srgba(0,0,128,0.847059)
        16: (0,0,128,215) #000080D7 srgba(0,0,128,0.843137)
        16: (0,0,128,22) #00008016 srgba(0,0,128,0.0862745)
        15: (0,0,128,245) #000080F5 srgba(0,0,128,0.960784)
        14: (0,0,128,34) #00008022 srgba(0,0,128,0.133333)
        14: (0,0,128,249) #000080F9 srgba(0,0,128,0.976471)
        14: (0,0,128,8) #00008008 srgba(0,0,128,0.0313725)
        13: (0,0,128,82) #00008052 srgba(0,0,128,0.321569)
        13: (0,0,128,205) #000080CD srgba(0,0,128,0.803922)
        13: (0,0,128,242) #000080F2 srgba(0,0,128,0.94902)
        13: (0,0,128,12) #0000800C srgba(0,0,128,0.0470588)
        13: (0,0,128,194) #000080C2 srgba(0,0,128,0.760784)
        13: (0,0,128,206) #000080CE srgba(0,0,128,0.807843)
        12: (0,0,128,248) #000080F8 srgba(0,0,128,0.972549)
        12: (0,0,128,26) #0000801A srgba(0,0,128,0.101961)
        12: (0,0,128,30) #0000801E srgba(0,0,128,0.117647)
        12: (0,0,128,172) #000080AC srgba(0,0,128,0.67451)
        12: (0,0,128,132) #00008084 srgba(0,0,128,0.517647)
        12: (0,0,128,225) #000080E1 srgba(0,0,128,0.882353)
        12: (0,0,128,224) #000080E0 srgba(0,0,128,0.878431)
        12: (0,0,128,134) #00008086 srgba(0,0,128,0.52549)
        12: (0,0,128,102) #00008066 srgba(0,0,128,0.4)
        12: (0,0,128,220) #000080DC srgba(0,0,128,0.862745)
        11: (0,0,128,50) #00008032 srgba(0,0,128,0.196078)
        11: (0,0,128,158) #0000809E srgba(0,0,128,0.619608)
        11: (0,0,128,174) #000080AE srgba(0,0,128,0.682353)
        11: (0,0,128,68) #00008044 srgba(0,0,128,0.266667)
        11: (0,0,128,20) #00008014 srgba(0,0,128,0.0784314)
        11: (0,0,128,18) #00008012 srgba(0,0,128,0.0705882)
        11: (0,0,128,10) #0000800A srgba(0,0,128,0.0392157)
        11: (0,0,128,244) #000080F4 srgba(0,0,128,0.956863)
        11: (0,0,128,180) #000080B4 srgba(0,0,128,0.705882)
        11: (0,0,128,199) #000080C7 srgba(0,0,128,0.780392)
        10: (0,0,128,185) #000080B9 srgba(0,0,128,0.72549)
        10: (0,0,128,235) #000080EB srgba(0,0,128,0.921569)
        10: (0,0,128,188) #000080BC srgba(0,0,128,0.737255)
        10: (0,0,128,236) #000080EC srgba(0,0,128,0.92549)
        10: (0,0,128,207) #000080CF srgba(0,0,128,0.811765)
        10: (0,0,128,241) #000080F1 srgba(0,0,128,0.945098)
        10: (0,0,128,136) #00008088 srgba(0,0,128,0.533333)
        10: (0,0,128,202) #000080CA srgba(0,0,128,0.792157)
        10: (0,0,128,230) #000080E6 srgba(0,0,128,0.901961)
        10: (0,0,128,217) #000080D9 srgba(0,0,128,0.85098)
        10: (0,0,128,222) #000080DE srgba(0,0,128,0.870588)
        10: (0,0,128,221) #000080DD srgba(0,0,128,0.866667)
         9: (0,0,128,198) #000080C6 srgba(0,0,128,0.776471)
         9: (0,0,128,28) #0000801C srgba(0,0,128,0.109804)
         9: (0,0,128,240) #000080F0 srgba(0,0,128,0.941176)
         9: (0,0,128,195) #000080C3 srgba(0,0,128,0.764706)
         9: (0,0,128,200) #000080C8 srgba(0,0,128,0.784314)
         9: (0,0,128,238) #000080EE srgba(0,0,128,0.933333)
         9: (0,0,128,16) #00008010 srgba(0,0,128,0.0627451)
         9: (0,0,128,190) #000080BE srgba(0,0,128,0.745098)
         9: (0,0,128,239) #000080EF srgba(0,0,128,0.937255)
         9: (0,0,128,234) #000080EA srgba(0,0,128,0.917647)
         9: (0,0,128,189) #000080BD srgba(0,0,128,0.741176)
         9: (0,0,128,187) #000080BB srgba(0,0,128,0.733333)
         9: (0,0,128,186) #000080BA srgba(0,0,128,0.729412)
         9: (0,0,128,165) #000080A5 srgba(0,0,128,0.647059)
         9: (0,0,128,142) #0000808E srgba(0,0,128,0.556863)
         9: (0,0,128,152) #00008098 srgba(0,0,128,0.596078)
         9: (0,0,128,182) #000080B6 srgba(0,0,128,0.713725)
         9: (0,0,128,90) #0000805A srgba(0,0,128,0.352941)
         9: (0,0,128,213) #000080D5 srgba(0,0,128,0.835294)
         9: (0,0,128,232) #000080E8 srgba(0,0,128,0.909804)
         9: (0,0,128,70) #00008046 srgba(0,0,128,0.27451)
         9: (0,0,128,177) #000080B1 srgba(0,0,128,0.694118)
         9: (0,0,128,108) #0000806C srgba(0,0,128,0.423529)
         9: (0,0,128,151) #00008097 srgba(0,0,128,0.592157)
         9: (0,0,128,24) #00008018 srgba(0,0,128,0.0941176)
         8: (0,0,128,124) #0000807C srgba(0,0,128,0.486275)
         8: (0,0,128,133) #00008085 srgba(0,0,128,0.521569)
         8: (0,0,128,96) #00008060 srgba(0,0,128,0.376471)
         8: (0,0,128,64) #00008040 srgba(0,0,128,0.25098)
         8: (0,0,128,72) #00008048 srgba(0,0,128,0.282353)
         8: (0,0,128,211) #000080D3 srgba(0,0,128,0.827451)
         8: (0,0,128,167) #000080A7 srgba(0,0,128,0.654902)
         8: (0,0,128,141) #0000808D srgba(0,0,128,0.552941)
         8: (0,0,128,209) #000080D1 srgba(0,0,128,0.819608)
         8: (0,0,128,208) #000080D0 srgba(0,0,128,0.815686)
         8: (0,0,128,237) #000080ED srgba(0,0,128,0.929412)
         8: (0,0,128,144) #00008090 srgba(0,0,128,0.564706)
         8: (0,0,128,38) #00008026 srgba(0,0,128,0.14902)
         8: (0,0,128,137) #00008089 srgba(0,0,128,0.537255)
         8: (0,0,128,78) #0000804E srgba(0,0,128,0.305882)
         8: (0,0,128,156) #0000809C srgba(0,0,128,0.611765)
         8: (0,0,128,118) #00008076 srgba(0,0,128,0.462745)
         8: (0,0,128,154) #0000809A srgba(0,0,128,0.603922)
         7: (0,0,128,160) #000080A0 srgba(0,0,128,0.627451)
         7: (0,0,128,162) #000080A2 srgba(0,0,128,0.635294)
         7: (0,0,128,166) #000080A6 srgba(0,0,128,0.65098)
         7: (0,0,128,150) #00008096 srgba(0,0,128,0.588235)
         7: (0,0,128,46) #0000802E srgba(0,0,128,0.180392)
         7: (0,0,128,84) #00008054 srgba(0,0,128,0.329412)
         7: (0,0,128,106) #0000806A srgba(0,0,128,0.415686)
         7: (0,0,128,181) #000080B5 srgba(0,0,128,0.709804)
         7: (0,0,128,74) #0000804A srgba(0,0,128,0.290196)
         7: (0,0,128,58) #0000803A srgba(0,0,128,0.227451)
         7: (0,0,128,145) #00008091 srgba(0,0,128,0.568627)
         7: (0,0,128,210) #000080D2 srgba(0,0,128,0.823529)
         7: (0,0,128,92) #0000805C srgba(0,0,128,0.360784)
         7: (0,0,128,122) #0000807A srgba(0,0,128,0.478431)
         7: (0,0,128,36) #00008024 srgba(0,0,128,0.141176)
         7: (0,0,128,139) #0000808B srgba(0,0,128,0.545098)
         7: (0,0,128,94) #0000805E srgba(0,0,128,0.368627)
         7: (0,0,128,126) #0000807E srgba(0,0,128,0.494118)
         7: (0,0,128,163) #000080A3 srgba(0,0,128,0.639216)
         6: (0,0,128,42) #0000802A srgba(0,0,128,0.164706)
         6: (0,0,128,88) #00008058 srgba(0,0,128,0.345098)
         6: (0,0,128,44) #0000802C srgba(0,0,128,0.172549)
         6: (0,0,128,110) #0000806E srgba(0,0,128,0.431373)
         6: (0,0,128,66) #00008042 srgba(0,0,128,0.258824)
         6: (0,0,128,86) #00008056 srgba(0,0,128,0.337255)
         6: (0,0,128,168) #000080A8 srgba(0,0,128,0.658824)
         6: (0,0,128,169) #000080A9 srgba(0,0,128,0.662745)
         6: (0,0,128,129) #00008081 srgba(0,0,128,0.505882)
         6: (0,0,128,131) #00008083 srgba(0,0,128,0.513725)
         6: (0,0,128,170) #000080AA srgba(0,0,128,0.666667)
         6: (0,0,128,171) #000080AB srgba(0,0,128,0.670588)
         6: (0,0,128,179) #000080B3 srgba(0,0,128,0.701961)
         6: (0,0,128,48) #00008030 srgba(0,0,128,0.188235)
         6: (0,0,128,192) #000080C0 srgba(0,0,128,0.752941)
         6: (0,0,128,193) #000080C1 srgba(0,0,128,0.756863)
         6: (0,0,128,196) #000080C4 srgba(0,0,128,0.768627)
         6: (0,0,128,104) #00008068 srgba(0,0,128,0.407843)
         6: (0,0,128,201) #000080C9 srgba(0,0,128,0.788235)
         6: (0,0,128,214) #000080D6 srgba(0,0,128,0.839216)
         6: (0,0,128,219) #000080DB srgba(0,0,128,0.858824)
         6: (0,0,128,223) #000080DF srgba(0,0,128,0.87451)
         6: (0,0,128,226) #000080E2 srgba(0,0,128,0.886275)
         6: (0,0,128,228) #000080E4 srgba(0,0,128,0.894118)
         6: (0,0,128,233) #000080E9 srgba(0,0,128,0.913725)
         6: (0,0,128,32) #00008020 srgba(0,0,128,0.12549)
         6: (0,0,128,246) #000080F6 srgba(0,0,128,0.964706)
         6: (0,0,128,128) #00008080 srgba(0,0,128,0.501961)
         6: (0,0,128,116) #00008074 srgba(0,0,128,0.454902)
         5: (0,0,128,155) #0000809B srgba(0,0,128,0.607843)
         5: (0,0,128,98) #00008062 srgba(0,0,128,0.384314)
         5: (0,0,128,62) #0000803E srgba(0,0,128,0.243137)
         5: (0,0,128,212) #000080D4 srgba(0,0,128,0.831373)
         5: (0,0,128,52) #00008034 srgba(0,0,128,0.203922)
         5: (0,0,128,231) #000080E7 srgba(0,0,128,0.905882)
         5: (0,0,128,140) #0000808C srgba(0,0,128,0.54902)
         5: (0,0,128,80) #00008050 srgba(0,0,128,0.313725)
         5: (0,0,128,76) #0000804C srgba(0,0,128,0.298039)
         5: (0,0,128,229) #000080E5 srgba(0,0,128,0.898039)
         5: (0,0,128,40) #00008028 srgba(0,0,128,0.156863)
         5: (0,0,128,56) #00008038 srgba(0,0,128,0.219608)
         5: (0,0,128,54) #00008036 srgba(0,0,128,0.211765)
         5: (0,0,128,157) #0000809D srgba(0,0,128,0.615686)
         5: (0,0,128,204) #000080CC srgba(0,0,128,0.8)
         5: (0,0,128,203) #000080CB srgba(0,0,128,0.796078)
         5: (0,0,128,176) #000080B0 srgba(0,0,128,0.690196)
         4: (0,0,128,148) #00008094 srgba(0,0,128,0.580392)
         4: (0,0,128,183) #000080B7 srgba(0,0,128,0.717647)
         4: (0,0,128,146) #00008092 srgba(0,0,128,0.572549)
         4: (0,0,128,143) #0000808F srgba(0,0,128,0.560784)
         4: (0,0,128,135) #00008087 srgba(0,0,128,0.529412)
         4: (0,0,128,60) #0000803C srgba(0,0,128,0.235294)
         4: (0,0,128,138) #0000808A srgba(0,0,128,0.541176)
         4: (0,0,128,227) #000080E3 srgba(0,0,128,0.890196)
         3: (0,0,128,178) #000080B2 srgba(0,0,128,0.698039)
         3: (0,0,128,164) #000080A4 srgba(0,0,128,0.643137)
         3: (0,0,128,159) #0000809F srgba(0,0,128,0.623529)
         3: (0,0,128,130) #00008082 srgba(0,0,128,0.509804)
         3: (0,0,128,100) #00008064 srgba(0,0,128,0.392157)
         3: (0,0,128,175) #000080AF srgba(0,0,128,0.686275)
         3: (0,0,128,184) #000080B8 srgba(0,0,128,0.721569)
         3: (0,0,128,120) #00008078 srgba(0,0,128,0.470588)
         2: (0,0,128,114) #00008072 srgba(0,0,128,0.447059)
         2: (0,0,128,147) #00008093 srgba(0,0,128,0.576471)
         2: (0,0,128,112) #00008070 srgba(0,0,128,0.439216)
         1: (0,0,128,161) #000080A1 srgba(0,0,128,0.631373)
         1: (0,0,128,197) #000080C5 srgba(0,0,128,0.772549)
         1: (0,0,128,149) #00008095 srgba(0,0,128,0.584314)
        16: (0,0,129,101) #00008165 srgba(0,0,129,0.396078)
        13: (0,0,129,109) #0000816D srgba(0,0,129,0.427451)
        13: (0,0,129,119) #00008177 srgba(0,0,129,0.466667)
        12: (0,0,129,79) #0000814F srgba(0,0,129,0.309804)
         9: (0,0,129,93) #0000815D srgba(0,0,129,0.364706)
         9: (0,0,129,107) #0000816B srgba(0,0,129,0.419608)
         9: (0,0,129,115) #00008173 srgba(0,0,129,0.45098)
         9: (0,0,129,91) #0000815B srgba(0,0,129,0.356863)
         8: (0,0,129,81) #00008151 srgba(0,0,129,0.317647)
         8: (0,0,129,77) #0000814D srgba(0,0,129,0.301961)
         8: (0,0,129,97) #00008161 srgba(0,0,129,0.380392)
         7: (0,0,129,71) #00008147 srgba(0,0,129,0.278431)
         7: (0,0,129,89) #00008159 srgba(0,0,129,0.34902)
         7: (0,0,129,125) #0000817D srgba(0,0,129,0.490196)
         6: (0,0,129,83) #00008153 srgba(0,0,129,0.32549)
         6: (0,0,129,99) #00008163 srgba(0,0,129,0.388235)
         6: (0,0,129,73) #00008149 srgba(0,0,129,0.286275)
         6: (0,0,129,87) #00008157 srgba(0,0,129,0.341176)
         6: (0,0,129,75) #0000814B srgba(0,0,129,0.294118)
         5: (0,0,129,123) #0000817B srgba(0,0,129,0.482353)
         5: (0,0,129,111) #0000816F srgba(0,0,129,0.435294)
         5: (0,0,129,121) #00008179 srgba(0,0,129,0.47451)
         5: (0,0,129,113) #00008171 srgba(0,0,129,0.443137)
         5: (0,0,129,65) #00008141 srgba(0,0,129,0.254902)
         5: (0,0,129,85) #00008155 srgba(0,0,129,0.333333)
         4: (0,0,129,105) #00008169 srgba(0,0,129,0.411765)
         4: (0,0,129,103) #00008167 srgba(0,0,129,0.403922)
         3: (0,0,129,95) #0000815F srgba(0,0,129,0.372549)
         3: (0,0,129,69) #00008145 srgba(0,0,129,0.270588)
         3: (0,0,129,127) #0000817F srgba(0,0,129,0.498039)
         3: (0,0,129,117) #00008175 srgba(0,0,129,0.458824)
         3: (0,0,129,67) #00008143 srgba(0,0,129,0.262745)
        15: (0,0,130,51) #00008233 srgba(0,0,130,0.2)
        10: (0,0,130,55) #00008237 srgba(0,0,130,0.215686)
         9: (0,0,130,43) #0000822B srgba(0,0,130,0.168627)
         8: (0,0,130,61) #0000823D srgba(0,0,130,0.239216)
         8: (0,0,130,59) #0000823B srgba(0,0,130,0.231373)
         7: (0,0,130,49) #00008231 srgba(0,0,130,0.192157)
         7: (0,0,130,57) #00008239 srgba(0,0,130,0.223529)
         5: (0,0,130,63) #0000823F srgba(0,0,130,0.247059)
         4: (0,0,130,47) #0000822F srgba(0,0,130,0.184314)
         3: (0,0,130,45) #0000822D srgba(0,0,130,0.176471)
         2: (0,0,130,53) #00008235 srgba(0,0,130,0.207843)
        11: (0,0,131,39) #00008327 srgba(0,0,131,0.152941)
        10: (0,0,131,35) #00008323 srgba(0,0,131,0.137255)
         8: (0,0,131,33) #00008321 srgba(0,0,131,0.129412)
         6: (0,0,131,41) #00008329 srgba(0,0,131,0.160784)
         5: (0,0,131,37) #00008325 srgba(0,0,131,0.145098)
        16: (0,0,132,29) #0000841D srgba(0,0,132,0.113725)
        14: (0,0,132,31) #0000841F srgba(0,0,132,0.121569)
         8: (0,0,132,27) #0000841B srgba(0,0,132,0.105882)
        12: (0,0,133,23) #00008517 srgba(0,0,133,0.0901961)
         9: (0,0,133,25) #00008519 srgba(0,0,133,0.0980392)
         8: (0,0,134,21) #00008615 srgba(0,0,134,0.0823529)
         5: (0,0,134,19) #00008613 srgba(0,0,134,0.0745098)
        26: (0,0,135,17) #00008711 srgba(0,0,135,0.0666667)
        10: (0,0,136,15) #0000880F srgba(0,0,136,0.0588235)
        24: (0,0,137,13) #0000890D srgba(0,0,137,0.0509804)
        10: (0,0,139,11) #00008B0B srgba(0,0,139,0.0431373)
        10: (0,0,142,9) #00008E09 srgba(0,0,142,0.0352941)
        25: (0,0,146,7) #00009207 srgba(0,0,146,0.027451)
        43: (0,0,153,5) #00009905 srgba(0,0,153,0.0196078)
        15: (0,0,170,3) #0000AA03 srgba(0,0,170,0.0117647)
       241: (127,0,0,255) #7F0000FF srgba(127,0,0,1)
         1: (127,0,0,247) #7F0000F7 srgba(127,0,0,0.968627)
         1: (127,0,0,237) #7F0000ED srgba(127,0,0,0.929412)
    154952: (128,0,0,255) #800000FF maroon
        65: (128,0,0,247) #800000F7 srgba(128,0,0,0.968627)
        53: (128,0,0,254) #800000FE srgba(128,0,0,0.996078)
        48: (128,0,0,2) #80000002 srgba(128,0,0,0.00784314)
        44: (128,0,0,253) #800000FD srgba(128,0,0,0.992157)
        43: (128,0,0,34) #80000022 srgba(128,0,0,0.133333)
        39: (128,0,0,204) #800000CC srgba(128,0,0,0.8)
        39: (128,0,0,205) #800000CD srgba(128,0,0,0.803922)
        31: (128,0,0,251) #800000FB srgba(128,0,0,0.984314)
        30: (128,0,0,221) #800000DD srgba(128,0,0,0.866667)
        29: (128,0,0,4) #80000004 srgba(128,0,0,0.0156863)
        26: (128,0,0,8) #80000008 srgba(128,0,0,0.0313725)
        24: (128,0,0,249) #800000F9 srgba(128,0,0,0.976471)
        23: (128,0,0,250) #800000FA srgba(128,0,0,0.980392)
        22: (128,0,0,244) #800000F4 srgba(128,0,0,0.956863)
        21: (128,0,0,238) #800000EE srgba(128,0,0,0.933333)
        21: (128,0,0,252) #800000FC srgba(128,0,0,0.988235)
        21: (128,0,0,6) #80000006 srgba(128,0,0,0.0235294)
        21: (128,0,0,14) #8000000E srgba(128,0,0,0.054902)
        20: (128,0,0,20) #80000014 srgba(128,0,0,0.0784314)
        20: (128,0,0,10) #8000000A srgba(128,0,0,0.0392157)
        19: (128,0,0,22) #80000016 srgba(128,0,0,0.0862745)
        19: (128,0,0,232) #800000E8 srgba(128,0,0,0.909804)
        19: (128,0,0,153) #80000099 srgba(128,0,0,0.6)
        19: (128,0,0,237) #800000ED srgba(128,0,0,0.929412)
        18: (128,0,0,245) #800000F5 srgba(128,0,0,0.960784)
        18: (128,0,0,239) #800000EF srgba(128,0,0,0.937255)
        18: (128,0,0,18) #80000012 srgba(128,0,0,0.0705882)
        18: (128,0,0,240) #800000F0 srgba(128,0,0,0.941176)
        18: (128,0,0,62) #8000003E srgba(128,0,0,0.243137)
        17: (128,0,0,246) #800000F6 srgba(128,0,0,0.964706)
        17: (128,0,0,225) #800000E1 srgba(128,0,0,0.882353)
        17: (128,0,0,182) #800000B6 srgba(128,0,0,0.713725)
        17: (128,0,0,128) #80000080 srgba(128,0,0,0.501961)
        16: (128,0,0,16) #80000010 srgba(128,0,0,0.0627451)
        16: (128,0,0,233) #800000E9 srgba(128,0,0,0.913725)
        16: (128,0,0,211) #800000D3 srgba(128,0,0,0.827451)
        15: (128,0,0,230) #800000E6 srgba(128,0,0,0.901961)
        15: (128,0,0,248) #800000F8 srgba(128,0,0,0.972549)
        14: (128,0,0,234) #800000EA srgba(128,0,0,0.917647)
        14: (128,0,0,236) #800000EC srgba(128,0,0,0.92549)
        14: (128,0,0,96) #80000060 srgba(128,0,0,0.376471)
        14: (128,0,0,242) #800000F2 srgba(128,0,0,0.94902)
        14: (128,0,0,213) #800000D5 srgba(128,0,0,0.835294)
        14: (128,0,0,218) #800000DA srgba(128,0,0,0.854902)
        14: (128,0,0,108) #8000006C srgba(128,0,0,0.423529)
        14: (128,0,0,12) #8000000C srgba(128,0,0,0.0470588)
        14: (128,0,0,163) #800000A3 srgba(128,0,0,0.639216)
        14: (128,0,0,179) #800000B3 srgba(128,0,0,0.701961)
        14: (128,0,0,189) #800000BD srgba(128,0,0,0.741176)
        13: (128,0,0,66) #80000042 srgba(128,0,0,0.258824)
        13: (128,0,0,216) #800000D8 srgba(128,0,0,0.847059)
        13: (128,0,0,102) #80000066 srgba(128,0,0,0.4)
        13: (128,0,0,26) #8000001A srgba(128,0,0,0.101961)
        13: (128,0,0,28) #8000001C srgba(128,0,0,0.109804)
        13: (128,0,0,171) #800000AB srgba(128,0,0,0.670588)
        13: (128,0,0,36) #80000024 srgba(128,0,0,0.141176)
        13: (128,0,0,74) #8000004A srgba(128,0,0,0.290196)
        13: (128,0,0,196) #800000C4 srgba(128,0,0,0.768627)
        13: (128,0,0,174) #800000AE srgba(128,0,0,0.682353)
        13: (128,0,0,154) #8000009A srgba(128,0,0,0.603922)
        12: (128,0,0,181) #800000B5 srgba(128,0,0,0.709804)
        12: (128,0,0,156) #8000009C srgba(128,0,0,0.611765)
        12: (128,0,0,157) #8000009D srgba(128,0,0,0.615686)
        12: (128,0,0,169) #800000A9 srgba(128,0,0,0.662745)
        12: (128,0,0,141) #8000008D srgba(128,0,0,0.552941)
        12: (128,0,0,132) #80000084 srgba(128,0,0,0.517647)
        12: (128,0,0,219) #800000DB srgba(128,0,0,0.858824)
        12: (128,0,0,42) #8000002A srgba(128,0,0,0.164706)
        12: (128,0,0,134) #80000086 srgba(128,0,0,0.52549)
        12: (128,0,0,24) #80000018 srgba(128,0,0,0.0941176)
        12: (128,0,0,135) #80000087 srgba(128,0,0,0.529412)
        12: (128,0,0,203) #800000CB srgba(128,0,0,0.796078)
        12: (128,0,0,136) #80000088 srgba(128,0,0,0.533333)
        12: (128,0,0,44) #8000002C srgba(128,0,0,0.172549)
        12: (128,0,0,116) #80000074 srgba(128,0,0,0.454902)
        12: (128,0,0,177) #800000B1 srgba(128,0,0,0.694118)
        12: (128,0,0,243) #800000F3 srgba(128,0,0,0.952941)
        11: (128,0,0,52) #80000034 srgba(128,0,0,0.203922)
        11: (128,0,0,227) #800000E3 srgba(128,0,0,0.890196)
        11: (128,0,0,149) #80000095 srgba(128,0,0,0.584314)
        11: (128,0,0,48) #80000030 srgba(128,0,0,0.188235)
        11: (128,0,0,220) #800000DC srgba(128,0,0,0.862745)
        11: (128,0,0,231) #800000E7 srgba(128,0,0,0.905882)
        11: (128,0,0,215) #800000D7 srgba(128,0,0,0.843137)
        11: (128,0,0,222) #800000DE srgba(128,0,0,0.870588)
        11: (128,0,0,82) #80000052 srgba(128,0,0,0.321569)
        10: (128,0,0,50) #80000032 srgba(128,0,0,0.196078)
        10: (128,0,0,114) #80000072 srgba(128,0,0,0.447059)
        10: (128,0,0,175) #800000AF srgba(128,0,0,0.686275)
        10: (128,0,0,142) #8000008E srgba(128,0,0,0.556863)
        10: (128,0,0,58) #8000003A srgba(128,0,0,0.227451)
        10: (128,0,0,147) #80000093 srgba(128,0,0,0.576471)
        10: (128,0,0,155) #8000009B srgba(128,0,0,0.607843)
        10: (128,0,0,223) #800000DF srgba(128,0,0,0.87451)
        10: (128,0,0,140) #8000008C srgba(128,0,0,0.54902)
        10: (128,0,0,30) #8000001E srgba(128,0,0,0.117647)
        10: (128,0,0,133) #80000085 srgba(128,0,0,0.521569)
        10: (128,0,0,166) #800000A6 srgba(128,0,0,0.65098)
        10: (128,0,0,187) #800000BB srgba(128,0,0,0.733333)
        10: (128,0,0,195) #800000C3 srgba(128,0,0,0.764706)
        10: (128,0,0,90) #8000005A srgba(128,0,0,0.352941)
        10: (128,0,0,193) #800000C1 srgba(128,0,0,0.756863)
         9: (128,0,0,159) #8000009F srgba(128,0,0,0.623529)
         9: (128,0,0,207) #800000CF srgba(128,0,0,0.811765)
         9: (128,0,0,170) #800000AA srgba(128,0,0,0.666667)
         9: (128,0,0,235) #800000EB srgba(128,0,0,0.921569)
         9: (128,0,0,217) #800000D9 srgba(128,0,0,0.85098)
         9: (128,0,0,241) #800000F1 srgba(128,0,0,0.945098)
         9: (128,0,0,198) #800000C6 srgba(128,0,0,0.776471)
         9: (128,0,0,188) #800000BC srgba(128,0,0,0.737255)
         9: (128,0,0,143) #8000008F srgba(128,0,0,0.560784)
         9: (128,0,0,197) #800000C5 srgba(128,0,0,0.772549)
         9: (128,0,0,208) #800000D0 srgba(128,0,0,0.815686)
         9: (128,0,0,190) #800000BE srgba(128,0,0,0.745098)
         9: (128,0,0,214) #800000D6 srgba(128,0,0,0.839216)
         9: (128,0,0,226) #800000E2 srgba(128,0,0,0.886275)
         9: (128,0,0,228) #800000E4 srgba(128,0,0,0.894118)
         9: (128,0,0,106) #8000006A srgba(128,0,0,0.415686)
         9: (128,0,0,72) #80000048 srgba(128,0,0,0.282353)
         8: (128,0,0,229) #800000E5 srgba(128,0,0,0.898039)
         8: (128,0,0,150) #80000096 srgba(128,0,0,0.588235)
         8: (128,0,0,191) #800000BF srgba(128,0,0,0.74902)
         8: (128,0,0,144) #80000090 srgba(128,0,0,0.564706)
         8: (128,0,0,192) #800000C0 srgba(128,0,0,0.752941)
         8: (128,0,0,80) #80000050 srgba(128,0,0,0.313725)
         8: (128,0,0,200) #800000C8 srgba(128,0,0,0.784314)
         8: (128,0,0,32) #80000020 srgba(128,0,0,0.12549)
         8: (128,0,0,160) #800000A0 srgba(128,0,0,0.627451)
         8: (128,0,0,112) #80000070 srgba(128,0,0,0.439216)
         8: (128,0,0,176) #800000B0 srgba(128,0,0,0.690196)
         8: (128,0,0,212) #800000D4 srgba(128,0,0,0.831373)
         8: (128,0,0,178) #800000B2 srgba(128,0,0,0.698039)
         8: (128,0,0,86) #80000056 srgba(128,0,0,0.337255)
         8: (128,0,0,137) #80000089 srgba(128,0,0,0.537255)
         8: (128,0,0,139) #8000008B srgba(128,0,0,0.545098)
         8: (128,0,0,138) #8000008A srgba(128,0,0,0.541176)
         7: (128,0,0,180) #800000B4 srgba(128,0,0,0.705882)
         7: (128,0,0,98) #80000062 srgba(128,0,0,0.384314)
         7: (128,0,0,129) #80000081 srgba(128,0,0,0.505882)
         7: (128,0,0,183) #800000B7 srgba(128,0,0,0.717647)
         7: (128,0,0,94) #8000005E srgba(128,0,0,0.368627)
         7: (128,0,0,145) #80000091 srgba(128,0,0,0.568627)
         7: (128,0,0,206) #800000CE srgba(128,0,0,0.807843)
         7: (128,0,0,100) #80000064 srgba(128,0,0,0.392157)
         7: (128,0,0,194) #800000C2 srgba(128,0,0,0.760784)
         7: (128,0,0,70) #80000046 srgba(128,0,0,0.27451)
         7: (128,0,0,46) #8000002E srgba(128,0,0,0.180392)
         7: (128,0,0,92) #8000005C srgba(128,0,0,0.360784)
         7: (128,0,0,152) #80000098 srgba(128,0,0,0.596078)
         7: (128,0,0,88) #80000058 srgba(128,0,0,0.345098)
         7: (128,0,0,84) #80000054 srgba(128,0,0,0.329412)
         7: (128,0,0,118) #80000076 srgba(128,0,0,0.462745)
         6: (128,0,0,60) #8000003C srgba(128,0,0,0.235294)
         6: (128,0,0,202) #800000CA srgba(128,0,0,0.792157)
         6: (128,0,0,104) #80000068 srgba(128,0,0,0.407843)
         6: (128,0,0,78) #8000004E srgba(128,0,0,0.305882)
         6: (128,0,0,76) #8000004C srgba(128,0,0,0.298039)
         6: (128,0,0,146) #80000092 srgba(128,0,0,0.572549)
         6: (128,0,0,162) #800000A2 srgba(128,0,0,0.635294)
         6: (128,0,0,64) #80000040 srgba(128,0,0,0.25098)
         6: (128,0,0,165) #800000A5 srgba(128,0,0,0.647059)
         6: (128,0,0,56) #80000038 srgba(128,0,0,0.219608)
         6: (128,0,0,124) #8000007C srgba(128,0,0,0.486275)
         6: (128,0,0,173) #800000AD srgba(128,0,0,0.678431)
         6: (128,0,0,120) #80000078 srgba(128,0,0,0.470588)
         6: (128,0,0,224) #800000E0 srgba(128,0,0,0.878431)
         6: (128,0,0,164) #800000A4 srgba(128,0,0,0.643137)
         6: (128,0,0,40) #80000028 srgba(128,0,0,0.156863)
         5: (128,0,0,186) #800000BA srgba(128,0,0,0.729412)
         5: (128,0,0,167) #800000A7 srgba(128,0,0,0.654902)
         5: (128,0,0,122) #8000007A srgba(128,0,0,0.478431)
         5: (128,0,0,209) #800000D1 srgba(128,0,0,0.819608)
         5: (128,0,0,161) #800000A1 srgba(128,0,0,0.631373)
         5: (128,0,0,110) #8000006E srgba(128,0,0,0.431373)
         5: (128,0,0,168) #800000A8 srgba(128,0,0,0.658824)
         4: (128,0,0,131) #80000083 srgba(128,0,0,0.513725)
         4: (128,0,0,158) #8000009E srgba(128,0,0,0.619608)
         4: (128,0,0,201) #800000C9 srgba(128,0,0,0.788235)
         4: (128,0,0,148) #80000094 srgba(128,0,0,0.580392)
         4: (128,0,0,126) #8000007E srgba(128,0,0,0.494118)
         4: (128,0,0,185) #800000B9 srgba(128,0,0,0.72549)
         4: (128,0,0,68) #80000044 srgba(128,0,0,0.266667)
         4: (128,0,0,172) #800000AC srgba(128,0,0,0.67451)
         4: (128,0,0,210) #800000D2 srgba(128,0,0,0.823529)
         4: (128,0,0,38) #80000026 srgba(128,0,0,0.14902)
         4: (128,0,0,130) #80000082 srgba(128,0,0,0.509804)
         3: (128,0,0,151) #80000097 srgba(128,0,0,0.592157)
         3: (128,0,0,199) #800000C7 srgba(128,0,0,0.780392)
         3: (128,0,0,54) #80000036 srgba(128,0,0,0.211765)
         3: (128,0,0,184) #800000B8 srgba(128,0,0,0.721569)
        28: (129,0,0,67) #81000043 srgba(129,0,0,0.262745)
        14: (129,0,0,85) #81000055 srgba(129,0,0,0.333333)
        13: (129,0,0,125) #8100007D srgba(129,0,0,0.490196)
        13: (129,0,0,77) #8100004D srgba(129,0,0,0.301961)
        13: (129,0,0,119) #81000077 srgba(129,0,0,0.466667)
        12: (129,0,0,71) #81000047 srgba(129,0,0,0.278431)
        12: (129,0,0,69) #81000045 srgba(129,0,0,0.270588)
        12: (129,0,0,105) #81000069 srgba(129,0,0,0.411765)
        12: (129,0,0,89) #81000059 srgba(129,0,0,0.34902)
        11: (129,0,0,117) #81000075 srgba(129,0,0,0.458824)
        10: (129,0,0,75) #8100004B srgba(129,0,0,0.294118)
        10: (129,0,0,107) #8100006B srgba(129,0,0,0.419608)
        10: (129,0,0,65) #81000041 srgba(129,0,0,0.254902)
         9: (129,0,0,127) #8100007F srgba(129,0,0,0.498039)
         9: (129,0,0,95) #8100005F srgba(129,0,0,0.372549)
         8: (129,0,0,113) #81000071 srgba(129,0,0,0.443137)
         8: (129,0,0,91) #8100005B srgba(129,0,0,0.356863)
         7: (129,0,0,97) #81000061 srgba(129,0,0,0.380392)
         7: (129,0,0,115) #81000073 srgba(129,0,0,0.45098)
         7: (129,0,0,81) #81000051 srgba(129,0,0,0.317647)
         7: (129,0,0,87) #81000057 srgba(129,0,0,0.341176)
         6: (129,0,0,109) #8100006D srgba(129,0,0,0.427451)
         6: (129,0,0,111) #8100006F srgba(129,0,0,0.435294)
         6: (129,0,0,123) #8100007B srgba(129,0,0,0.482353)
         6: (129,0,0,99) #81000063 srgba(129,0,0,0.388235)
         5: (129,0,0,101) #81000065 srgba(129,0,0,0.396078)
         5: (129,0,0,121) #81000079 srgba(129,0,0,0.47451)
         5: (129,0,0,73) #81000049 srgba(129,0,0,0.286275)
         5: (129,0,0,103) #81000067 srgba(129,0,0,0.403922)
         4: (129,0,0,93) #8100005D srgba(129,0,0,0.364706)
         4: (129,0,0,79) #8100004F srgba(129,0,0,0.309804)
         4: (129,0,0,83) #81000053 srgba(129,0,0,0.32549)
        23: (130,0,0,61) #8200003D srgba(130,0,0,0.239216)
        12: (130,0,0,51) #82000033 srgba(130,0,0,0.2)
        12: (130,0,0,55) #82000037 srgba(130,0,0,0.215686)
        12: (130,0,0,45) #8200002D srgba(130,0,0,0.176471)
        10: (130,0,0,59) #8200003B srgba(130,0,0,0.231373)
         9: (130,0,0,43) #8200002B srgba(130,0,0,0.168627)
         9: (130,0,0,53) #82000035 srgba(130,0,0,0.207843)
         9: (130,0,0,47) #8200002F srgba(130,0,0,0.184314)
         9: (130,0,0,57) #82000039 srgba(130,0,0,0.223529)
         7: (130,0,0,63) #8200003F srgba(130,0,0,0.247059)
         6: (130,0,0,49) #82000031 srgba(130,0,0,0.192157)
        13: (131,0,0,35) #83000023 srgba(131,0,0,0.137255)
        12: (131,0,0,37) #83000025 srgba(131,0,0,0.145098)
        12: (131,0,0,41) #83000029 srgba(131,0,0,0.160784)
        10: (131,0,0,39) #83000027 srgba(131,0,0,0.152941)
         7: (131,0,0,33) #83000021 srgba(131,0,0,0.129412)
        14: (132,0,0,31) #8400001F srgba(132,0,0,0.121569)
        13: (132,0,0,27) #8400001B srgba(132,0,0,0.105882)
         5: (132,0,0,29) #8400001D srgba(132,0,0,0.113725)
        15: (133,0,0,25) #85000019 srgba(133,0,0,0.0980392)
         9: (133,0,0,23) #85000017 srgba(133,0,0,0.0901961)
        15: (134,0,0,19) #86000013 srgba(134,0,0,0.0745098)
         5: (134,0,0,21) #86000015 srgba(134,0,0,0.0823529)
        14: (135,0,0,17) #87000011 srgba(135,0,0,0.0666667)
        18: (136,0,0,15) #8800000F srgba(136,0,0,0.0588235)
        17: (137,0,0,13) #8900000D srgba(137,0,0,0.0509804)
        13: (139,0,0,11) #8B00000B srgba(139,0,0,0.0431373)
        16: (142,0,0,9) #8E000009 srgba(142,0,0,0.0352941)
        28: (146,0,0,7) #92000007 srgba(146,0,0,0.027451)
        20: (153,0,0,5) #99000005 srgba(153,0,0,0.0196078)
        35: (170,0,0,3) #AA000003 srgba(170,0,0,0.0117647)
     34226: (255,255,0,255) #FFFF00FF yellow
        87: (255,255,0,132) #FFFF0084 srgba(255,255,0,0.517647)
        36: (255,255,0,220) #FFFF00DC srgba(255,255,0,0.862745)
        32: (255,255,0,1) #FFFF0001 srgba(255,255,0,0.00392157)
        32: (255,255,0,252) #FFFF00FC srgba(255,255,0,0.988235)
        29: (255,255,0,49) #FFFF0031 srgba(255,255,0,0.192157)
        28: (255,255,0,253) #FFFF00FD srgba(255,255,0,0.992157)
        28: (255,255,0,254) #FFFF00FE srgba(255,255,0,0.996078)
        26: (255,255,0,238) #FFFF00EE srgba(255,255,0,0.933333)
        23: (255,255,0,3) #FFFF0003 srgba(255,255,0,0.0117647)
        21: (255,255,0,212) #FFFF00D4 srgba(255,255,0,0.831373)
        19: (255,255,0,231) #FFFF00E7 srgba(255,255,0,0.905882)
        19: (255,255,0,204) #FFFF00CC srgba(255,255,0,0.8)
        19: (255,255,0,19) #FFFF0013 srgba(255,255,0,0.0745098)
        18: (255,255,0,251) #FFFF00FB srgba(255,255,0,0.984314)
        15: (255,255,0,4) #FFFF0004 srgba(255,255,0,0.0156863)
        15: (255,255,0,250) #FFFF00FA srgba(255,255,0,0.980392)
        15: (255,255,0,5) #FFFF0005 srgba(255,255,0,0.0196078)
        15: (255,255,0,247) #FFFF00F7 srgba(255,255,0,0.968627)
        14: (255,255,0,246) #FFFF00F6 srgba(255,255,0,0.964706)
        14: (255,255,0,239) #FFFF00EF srgba(255,255,0,0.937255)
        14: (255,255,0,20) #FFFF0014 srgba(255,255,0,0.0784314)
        13: (255,255,0,6) #FFFF0006 srgba(255,255,0,0.0235294)
        13: (255,255,0,221) #FFFF00DD srgba(255,255,0,0.866667)
        13: (255,255,0,9) #FFFF0009 srgba(255,255,0,0.0352941)
        13: (255,255,0,207) #FFFF00CF srgba(255,255,0,0.811765)
        13: (255,255,0,112) #FFFF0070 srgba(255,255,0,0.439216)
        13: (255,255,0,11) #FFFF000B srgba(255,255,0,0.0431373)
        12: (255,255,0,233) #FFFF00E9 srgba(255,255,0,0.913725)
        12: (255,255,0,241) #FFFF00F1 srgba(255,255,0,0.945098)
        12: (255,255,0,181) #FFFF00B5 srgba(255,255,0,0.709804)
        12: (255,255,0,229) #FFFF00E5 srgba(255,255,0,0.898039)
        11: (255,255,0,37) #FFFF0025 srgba(255,255,0,0.145098)
        11: (255,255,0,2) #FFFF0002 srgba(255,255,0,0.00784314)
        11: (255,255,0,135) #FFFF0087 srgba(255,255,0,0.529412)
        11: (255,255,0,14) #FFFF000E srgba(255,255,0,0.054902)
        11: (255,255,0,16) #FFFF0010 srgba(255,255,0,0.0627451)
        11: (255,255,0,248) #FFFF00F8 srgba(255,255,0,0.972549)
        11: (255,255,0,179) #FFFF00B3 srgba(255,255,0,0.701961)
        10: (255,255,0,7) #FFFF0007 srgba(255,255,0,0.027451)
        10: (255,255,0,232) #FFFF00E8 srgba(255,255,0,0.909804)
        10: (255,255,0,234) #FFFF00EA srgba(255,255,0,0.917647)
        10: (255,255,0,249) #FFFF00F9 srgba(255,255,0,0.976471)
        10: (255,255,0,8) #FFFF0008 srgba(255,255,0,0.0313725)
        10: (255,255,0,104) #FFFF0068 srgba(255,255,0,0.407843)
        10: (255,255,0,30) #FFFF001E srgba(255,255,0,0.117647)
        10: (255,255,0,225) #FFFF00E1 srgba(255,255,0,0.882353)
         9: (255,255,0,40) #FFFF0028 srgba(255,255,0,0.156863)
         9: (255,255,0,157) #FFFF009D srgba(255,255,0,0.615686)
         9: (255,255,0,26) #FFFF001A srgba(255,255,0,0.101961)
         9: (255,255,0,201) #FFFF00C9 srgba(255,255,0,0.788235)
         9: (255,255,0,12) #FFFF000C srgba(255,255,0,0.0470588)
         9: (255,255,0,115) #FFFF0073 srgba(255,255,0,0.45098)
         9: (255,255,0,35) #FFFF0023 srgba(255,255,0,0.137255)
         9: (255,255,0,25) #FFFF0019 srgba(255,255,0,0.0980392)
         9: (255,255,0,15) #FFFF000F srgba(255,255,0,0.0588235)
         9: (255,255,0,41) #FFFF0029 srgba(255,255,0,0.160784)
         9: (255,255,0,148) #FFFF0094 srgba(255,255,0,0.580392)
         9: (255,255,0,28) #FFFF001C srgba(255,255,0,0.109804)
         9: (255,255,0,94) #FFFF005E srgba(255,255,0,0.368627)
         9: (255,255,0,51) #FFFF0033 srgba(255,255,0,0.2)
         8: (255,255,0,137) #FFFF0089 srgba(255,255,0,0.537255)
         8: (255,255,0,56) #FFFF0038 srgba(255,255,0,0.219608)
         8: (255,255,0,61) #FFFF003D srgba(255,255,0,0.239216)
         8: (255,255,0,214) #FFFF00D6 srgba(255,255,0,0.839216)
         8: (255,255,0,107) #FFFF006B srgba(255,255,0,0.419608)
         8: (255,255,0,24) #FFFF0018 srgba(255,255,0,0.0941176)
         8: (255,255,0,118) #FFFF0076 srgba(255,255,0,0.462745)
         8: (255,255,0,199) #FFFF00C7 srgba(255,255,0,0.780392)
         8: (255,255,0,235) #FFFF00EB srgba(255,255,0,0.921569)
         8: (255,255,0,236) #FFFF00EC srgba(255,255,0,0.92549)
         8: (255,255,0,200) #FFFF00C8 srgba(255,255,0,0.784314)
         8: (255,255,0,245) #FFFF00F5 srgba(255,255,0,0.960784)
         8: (255,255,0,203) #FFFF00CB srgba(255,255,0,0.796078)
         8: (255,255,0,178) #FFFF00B2 srgba(255,255,0,0.698039)
         8: (255,255,0,206) #FFFF00CE srgba(255,255,0,0.807843)
         8: (255,255,0,244) #FFFF00F4 srgba(255,255,0,0.956863)
         7: (255,255,0,122) #FFFF007A srgba(255,255,0,0.478431)
         7: (255,255,0,208) #FFFF00D0 srgba(255,255,0,0.815686)
         7: (255,255,0,141) #FFFF008D srgba(255,255,0,0.552941)
         7: (255,255,0,210) #FFFF00D2 srgba(255,255,0,0.823529)
         7: (255,255,0,119) #FFFF0077 srgba(255,255,0,0.466667)
         7: (255,255,0,106) #FFFF006A srgba(255,255,0,0.415686)
         7: (255,255,0,23) #FFFF0017 srgba(255,255,0,0.0901961)
         7: (255,255,0,195) #FFFF00C3 srgba(255,255,0,0.764706)
         7: (255,255,0,215) #FFFF00D7 srgba(255,255,0,0.843137)
         7: (255,255,0,39) #FFFF0027 srgba(255,255,0,0.152941)
         7: (255,255,0,193) #FFFF00C1 srgba(255,255,0,0.756863)
         7: (255,255,0,21) #FFFF0015 srgba(255,255,0,0.0823529)
         7: (255,255,0,218) #FFFF00DA srgba(255,255,0,0.854902)
         7: (255,255,0,42) #FFFF002A srgba(255,255,0,0.164706)
         7: (255,255,0,44) #FFFF002C srgba(255,255,0,0.172549)
         7: (255,255,0,140) #FFFF008C srgba(255,255,0,0.54902)
         7: (255,255,0,101) #FFFF0065 srgba(255,255,0,0.396078)
         7: (255,255,0,191) #FFFF00BF srgba(255,255,0,0.74902)
         7: (255,255,0,224) #FFFF00E0 srgba(255,255,0,0.878431)
         7: (255,255,0,114) #FFFF0072 srgba(255,255,0,0.447059)
         7: (255,255,0,98) #FFFF0062 srgba(255,255,0,0.384314)
         7: (255,255,0,144) #FFFF0090 srgba(255,255,0,0.564706)
         7: (255,255,0,57) #FFFF0039 srgba(255,255,0,0.223529)
         7: (255,255,0,188) #FFFF00BC srgba(255,255,0,0.737255)
         7: (255,255,0,189) #FFFF00BD srgba(255,255,0,0.741176)
         7: (255,255,0,18) #FFFF0012 srgba(255,255,0,0.0705882)
         7: (255,255,0,17) #FFFF0011 srgba(255,255,0,0.0666667)
         7: (255,255,0,80) #FFFF0050 srgba(255,255,0,0.313725)
         7: (255,255,0,13) #FFFF000D srgba(255,255,0,0.0509804)
         7: (255,255,0,10) #FFFF000A srgba(255,255,0,0.0392157)
         7: (255,255,0,60) #FFFF003C srgba(255,255,0,0.235294)
         7: (255,255,0,72) #FFFF0048 srgba(255,255,0,0.282353)
         7: (255,255,0,177) #FFFF00B1 srgba(255,255,0,0.694118)
         7: (255,255,0,161) #FFFF00A1 srgba(255,255,0,0.631373)
         7: (255,255,0,31) #FFFF001F srgba(255,255,0,0.121569)
         7: (255,255,0,69) #FFFF0045 srgba(255,255,0,0.270588)
         7: (255,255,0,111) #FFFF006F srgba(255,255,0,0.435294)
         6: (255,255,0,68) #FFFF0044 srgba(255,255,0,0.266667)
         6: (255,255,0,240) #FFFF00F0 srgba(255,255,0,0.941176)
         6: (255,255,0,158) #FFFF009E srgba(255,255,0,0.619608)
         6: (255,255,0,71) #FFFF0047 srgba(255,255,0,0.278431)
         6: (255,255,0,65) #FFFF0041 srgba(255,255,0,0.254902)
         6: (255,255,0,70) #FFFF0046 srgba(255,255,0,0.27451)
         6: (255,255,0,162) #FFFF00A2 srgba(255,255,0,0.635294)
         6: (255,255,0,152) #FFFF0098 srgba(255,255,0,0.596078)
         6: (255,255,0,76) #FFFF004C srgba(255,255,0,0.298039)
         6: (255,255,0,163) #FFFF00A3 srgba(255,255,0,0.639216)
         6: (255,255,0,83) #FFFF0053 srgba(255,255,0,0.32549)
         6: (255,255,0,84) #FFFF0054 srgba(255,255,0,0.329412)
         6: (255,255,0,59) #FFFF003B srgba(255,255,0,0.231373)
         6: (255,255,0,147) #FFFF0093 srgba(255,255,0,0.576471)
         6: (255,255,0,89) #FFFF0059 srgba(255,255,0,0.34902)
         6: (255,255,0,230) #FFFF00E6 srgba(255,255,0,0.901961)
         6: (255,255,0,228) #FFFF00E4 srgba(255,255,0,0.894118)
         6: (255,255,0,226) #FFFF00E2 srgba(255,255,0,0.886275)
         6: (255,255,0,143) #FFFF008F srgba(255,255,0,0.560784)
         6: (255,255,0,99) #FFFF0063 srgba(255,255,0,0.388235)
         6: (255,255,0,47) #FFFF002F srgba(255,255,0,0.184314)
         6: (255,255,0,222) #FFFF00DE srgba(255,255,0,0.870588)
         6: (255,255,0,213) #FFFF00D5 srgba(255,255,0,0.835294)
         6: (255,255,0,34) #FFFF0022 srgba(255,255,0,0.133333)
         6: (255,255,0,29) #FFFF001D srgba(255,255,0,0.113725)
         6: (255,255,0,176) #FFFF00B0 srgba(255,255,0,0.690196)
         6: (255,255,0,202) #FFFF00CA srgba(255,255,0,0.792157)
         6: (255,255,0,27) #FFFF001B srgba(255,255,0,0.105882)
         6: (255,255,0,131) #FFFF0083 srgba(255,255,0,0.513725)
         6: (255,255,0,182) #FFFF00B6 srgba(255,255,0,0.713725)
         6: (255,255,0,53) #FFFF0035 srgba(255,255,0,0.207843)
         6: (255,255,0,223) #FFFF00DF srgba(255,255,0,0.87451)
         5: (255,255,0,209) #FFFF00D1 srgba(255,255,0,0.819608)
         5: (255,255,0,33) #FFFF0021 srgba(255,255,0,0.129412)
         5: (255,255,0,32) #FFFF0020 srgba(255,255,0,0.12549)
         5: (255,255,0,174) #FFFF00AE srgba(255,255,0,0.682353)
         5: (255,255,0,217) #FFFF00D9 srgba(255,255,0,0.85098)
         5: (255,255,0,109) #FFFF006D srgba(255,255,0,0.427451)
         5: (255,255,0,219) #FFFF00DB srgba(255,255,0,0.858824)
         5: (255,255,0,46) #FFFF002E srgba(255,255,0,0.180392)
         5: (255,255,0,169) #FFFF00A9 srgba(255,255,0,0.662745)
         5: (255,255,0,105) #FFFF0069 srgba(255,255,0,0.411765)
         5: (255,255,0,48) #FFFF0030 srgba(255,255,0,0.188235)
         5: (255,255,0,102) #FFFF0066 srgba(255,255,0,0.4)
         5: (255,255,0,138) #FFFF008A srgba(255,255,0,0.541176)
         5: (255,255,0,130) #FFFF0082 srgba(255,255,0,0.509804)
         5: (255,255,0,227) #FFFF00E3 srgba(255,255,0,0.890196)
         5: (255,255,0,175) #FFFF00AF srgba(255,255,0,0.686275)
         5: (255,255,0,96) #FFFF0060 srgba(255,255,0,0.376471)
         5: (255,255,0,97) #FFFF0061 srgba(255,255,0,0.380392)
         5: (255,255,0,52) #FFFF0034 srgba(255,255,0,0.203922)
         5: (255,255,0,166) #FFFF00A6 srgba(255,255,0,0.65098)
         5: (255,255,0,58) #FFFF003A srgba(255,255,0,0.227451)
         5: (255,255,0,62) #FFFF003E srgba(255,255,0,0.243137)
         5: (255,255,0,22) #FFFF0016 srgba(255,255,0,0.0862745)
         5: (255,255,0,91) #FFFF005B srgba(255,255,0,0.356863)
         5: (255,255,0,66) #FFFF0042 srgba(255,255,0,0.258824)
         5: (255,255,0,88) #FFFF0058 srgba(255,255,0,0.345098)
         5: (255,255,0,186) #FFFF00BA srgba(255,255,0,0.729412)
         5: (255,255,0,87) #FFFF0057 srgba(255,255,0,0.341176)
         5: (255,255,0,85) #FFFF0055 srgba(255,255,0,0.333333)
         5: (255,255,0,133) #FFFF0085 srgba(255,255,0,0.521569)
         5: (255,255,0,134) #FFFF0086 srgba(255,255,0,0.52549)
         5: (255,255,0,242) #FFFF00F2 srgba(255,255,0,0.94902)
         5: (255,255,0,136) #FFFF0088 srgba(255,255,0,0.533333)
         5: (255,255,0,74) #FFFF004A srgba(255,255,0,0.290196)
         4: (255,255,0,73) #FFFF0049 srgba(255,255,0,0.286275)
         4: (255,255,0,113) #FFFF0071 srgba(255,255,0,0.443137)
         4: (255,255,0,121) #FFFF0079 srgba(255,255,0,0.47451)
         4: (255,255,0,172) #FFFF00AC srgba(255,255,0,0.67451)
         4: (255,255,0,192) #FFFF00C0 srgba(255,255,0,0.752941)
         4: (255,255,0,151) #FFFF0097 srgba(255,255,0,0.592157)
         4: (255,255,0,154) #FFFF009A srgba(255,255,0,0.603922)
         4: (255,255,0,139) #FFFF008B srgba(255,255,0,0.545098)
         4: (255,255,0,155) #FFFF009B srgba(255,255,0,0.607843)
         4: (255,255,0,216) #FFFF00D8 srgba(255,255,0,0.847059)
         4: (255,255,0,110) #FFFF006E srgba(255,255,0,0.431373)
         4: (255,255,0,243) #FFFF00F3 srgba(255,255,0,0.952941)
         4: (255,255,0,125) #FFFF007D srgba(255,255,0,0.490196)
         4: (255,255,0,124) #FFFF007C srgba(255,255,0,0.486275)
         4: (255,255,0,55) #FFFF0037 srgba(255,255,0,0.215686)
         4: (255,255,0,184) #FFFF00B8 srgba(255,255,0,0.721569)
         4: (255,255,0,194) #FFFF00C2 srgba(255,255,0,0.760784)
         4: (255,255,0,145) #FFFF0091 srgba(255,255,0,0.568627)
         4: (255,255,0,237) #FFFF00ED srgba(255,255,0,0.929412)
         4: (255,255,0,180) #FFFF00B4 srgba(255,255,0,0.705882)
         4: (255,255,0,128) #FFFF0080 srgba(255,255,0,0.501961)
         3: (255,255,0,164) #FFFF00A4 srgba(255,255,0,0.643137)
         3: (255,255,0,167) #FFFF00A7 srgba(255,255,0,0.654902)
         3: (255,255,0,183) #FFFF00B7 srgba(255,255,0,0.717647)
         3: (255,255,0,64) #FFFF0040 srgba(255,255,0,0.25098)
         3: (255,255,0,54) #FFFF0036 srgba(255,255,0,0.211765)
         3: (255,255,0,95) #FFFF005F srgba(255,255,0,0.372549)
         3: (255,255,0,127) #FFFF007F srgba(255,255,0,0.498039)
         3: (255,255,0,168) #FFFF00A8 srgba(255,255,0,0.658824)
         3: (255,255,0,50) #FFFF0032 srgba(255,255,0,0.196078)
         3: (255,255,0,100) #FFFF0064 srgba(255,255,0,0.392157)
         3: (255,255,0,146) #FFFF0092 srgba(255,255,0,0.572549)
         3: (255,255,0,67) #FFFF0043 srgba(255,255,0,0.262745)
         3: (255,255,0,123) #FFFF007B srgba(255,255,0,0.482353)
         3: (255,255,0,196) #FFFF00C4 srgba(255,255,0,0.768627)
         3: (255,255,0,197) #FFFF00C5 srgba(255,255,0,0.772549)
         3: (255,255,0,43) #FFFF002B srgba(255,255,0,0.168627)
         3: (255,255,0,170) #FFFF00AA srgba(255,255,0,0.666667)
         3: (255,255,0,108) #FFFF006C srgba(255,255,0,0.423529)
         3: (255,255,0,120) #FFFF0078 srgba(255,255,0,0.470588)
         3: (255,255,0,82) #FFFF0052 srgba(255,255,0,0.321569)
         3: (255,255,0,159) #FFFF009F srgba(255,255,0,0.623529)
         3: (255,255,0,187) #FFFF00BB srgba(255,255,0,0.733333)
         3: (255,255,0,36) #FFFF0024 srgba(255,255,0,0.141176)
         3: (255,255,0,153) #FFFF0099 srgba(255,255,0,0.6)
         3: (255,255,0,211) #FFFF00D3 srgba(255,255,0,0.827451)
         3: (255,255,0,77) #FFFF004D srgba(255,255,0,0.301961)
         3: (255,255,0,190) #FFFF00BE srgba(255,255,0,0.745098)
         3: (255,255,0,117) #FFFF0075 srgba(255,255,0,0.458824)
         3: (255,255,0,79) #FFFF004F srgba(255,255,0,0.309804)
         2: (255,255,0,173) #FFFF00AD srgba(255,255,0,0.678431)
         2: (255,255,0,38) #FFFF0026 srgba(255,255,0,0.14902)
         2: (255,255,0,129) #FFFF0081 srgba(255,255,0,0.505882)
         2: (255,255,0,126) #FFFF007E srgba(255,255,0,0.494118)
         2: (255,255,0,171) #FFFF00AB srgba(255,255,0,0.670588)
         2: (255,255,0,45) #FFFF002D srgba(255,255,0,0.176471)
         2: (255,255,0,142) #FFFF008E srgba(255,255,0,0.556863)
         2: (255,255,0,160) #FFFF00A0 srgba(255,255,0,0.627451)
         2: (255,255,0,75) #FFFF004B srgba(255,255,0,0.294118)
         2: (255,255,0,93) #FFFF005D srgba(255,255,0,0.364706)
         2: (255,255,0,92) #FFFF005C srgba(255,255,0,0.360784)
         2: (255,255,0,150) #FFFF0096 srgba(255,255,0,0.588235)
         2: (255,255,0,149) #FFFF0095 srgba(255,255,0,0.584314)
         2: (255,255,0,86) #FFFF0056 srgba(255,255,0,0.337255)
         2: (255,255,0,185) #FFFF00B9 srgba(255,255,0,0.72549)
         1: (255,255,0,81) #FFFF0051 srgba(255,255,0,0.317647)
         1: (255,255,0,78) #FFFF004E srgba(255,255,0,0.305882)
         1: (255,255,0,63) #FFFF003F srgba(255,255,0,0.247059)
         1: (255,255,0,198) #FFFF00C6 srgba(255,255,0,0.776471)
         1: (255,255,0,116) #FFFF0074 srgba(255,255,0,0.454902)
         1: (255,255,0,205) #FFFF00CD srgba(255,255,0,0.803922)
         1: (255,255,0,165) #FFFF00A5 srgba(255,255,0,0.647059)
         1: (255,255,0,90) #FFFF005A srgba(255,255,0,0.352941)
