      1429: (0,0,0,255) #000000FF black
        36: (1,1,0,255) #010100FF srgba(1,1,0,1)
        28: (1,1,1,255) #010101FF srgba(1,1,1,1)
        23: (2,2,0,255) #020200FF srgba(2,2,0,1)
        28: (2,2,2,255) #020202FF srgba(2,2,2,1)
        19: (3,3,0,255) #030300FF srgba(3,3,0,1)
        32: (3,3,3,255) #030303FF grey1
        10: (4,4,0,255) #040400FF srgba(4,4,0,1)
        18: (4,4,4,255) #040404FF srgba(4,4,4,1)
        13: (5,5,0,255) #050500FF srgba(5,5,0,1)
        15: (5,5,5,255) #050505FF grey2
         9: (6,6,0,255) #060600FF srgba(6,6,0,1)
        10: (6,6,6,255) #060606FF srgba(6,6,6,1)
         9: (7,7,0,255) #070700FF srgba(7,7,0,1)
        11: (7,7,7,255) #070707FF srgba(7,7,7,1)
        19: (8,8,0,255) #080800FF srgba(8,8,0,1)
        15: (8,8,8,255) #080808FF grey3
         9: (9,9,0,255) #090900FF srgba(9,9,0,1)
        14: (9,9,9,255) #090909FF srgba(9,9,9,1)
         9: (10,10,0,255) #0A0A00FF srgba(10,10,0,1)
         8: (10,10,10,255) #0A0A0AFF grey4
        13: (11,11,0,255) #0B0B00FF srgba(11,11,0,1)
         8: (11,11,11,255) #0B0B0BFF srgba(11,11,11,1)
        10: (12,12,0,255) #0C0C00FF srgba(12,12,0,1)
         4: (12,12,12,255) #0C0C0CFF srgba(12,12,12,1)
         6: (13,13,0,255) #0D0D00FF srgba(13,13,0,1)
         5: (13,13,13,255) #0D0D0DFF grey5
         7: (14,14,0,255) #0E0E00FF srgba(14,14,0,1)
        12: (14,14,14,255) #0E0E0EFF srgba(14,14,14,1)
         6: (15,15,0,255) #0F0F00FF srgba(15,15,0,1)
         6: (15,15,15,255) #0F0F0FFF grey6
         9: (16,16,0,255) #101000FF srgba(16,16,0,1)
        14: (16,16,16,255) #101010FF srgba(16,16,16,1)
         6: (17,17,0,255) #111100FF srgba(17,17,0,1)
        26: (17,17,17,255) #111111FF srgba(17,17,17,1)
         3: (18,18,0,255) #121200FF srgba(18,18,0,1)
         4: (18,18,18,255) #121212FF grey7
         8: (19,19,0,255) #131300FF srgba(19,19,0,1)
         8: (19,19,19,255) #131313FF srgba(19,19,19,1)
         8: (20,20,0,255) #141400FF srgba(20,20,0,1)
         8: (20,20,20,255) #141414FF grey8
        12: (21,21,0,255) #151500FF srgba(21,21,0,1)
        10: (21,21,21,255) #151515FF srgba(21,21,21,1)
         2: (22,22,0,255) #161600FF srgba(22,22,0,1)
        12: (22,22,22,255) #161616FF srgba(22,22,22,1)
        10: (23,23,0,255) #171700FF srgba(23,23,0,1)
        10: (23,23,23,255) #171717FF grey9
        14: (24,24,0,255) #181800FF srgba(24,24,0,1)
        19: (24,24,24,255) #181818FF srgba(24,24,24,1)
         7: (25,25,0,255) #191900FF srgba(25,25,0,1)
         6: (25,25,25,255) #191919FF srgba(25,25,25,1)
         8: (26,26,0,255) #1A1A00FF srgba(26,26,0,1)
        12: (26,26,26,255) #1A1A1AFF grey10
        29: (27,27,0,255) #1B1B00FF srgba(27,27,0,1)
         6: (27,27,27,255) #1B1B1BFF srgba(27,27,27,1)
         4: (28,28,0,255) #1C1C00FF srgba(28,28,0,1)
         5: (28,28,28,255) #1C1C1CFF grey11
         7: (29,29,0,255) #1D1D00FF srgba(29,29,0,1)
         6: (29,29,29,255) #1D1D1DFF srgba(29,29,29,1)
         7: (30,30,0,255) #1E1E00FF srgba(30,30,0,1)
        10: (30,30,30,255) #1E1E1EFF srgba(30,30,30,1)
         7: (31,31,0,255) #1F1F00FF srgba(31,31,0,1)
         7: (31,31,31,255) #1F1F1FFF grey12
        12: (32,32,0,255) #202000FF srgba(32,32,0,1)
         6: (32,32,32,255) #202020FF srgba(32,32,32,1)
         1: (33,33,0,255) #212100FF srgba(33,33,0,1)
         6: (33,33,33,255) #212121FF grey13
        12: (34,34,0,255) #222200FF srgba(34,34,0,1)
        13: (34,34,34,255) #222222FF srgba(34,34,34,1)
         2: (35,35,0,255) #232300FF srgba(35,35,0,1)
        36: (35,35,35,255) #232323FF srgba(35,35,35,1)
         7: (36,36,0,255) #242400FF srgba(36,36,0,1)
         5: (36,36,36,255) #242424FF grey14
         4: (37,37,0,255) #252500FF srgba(37,37,0,1)
         7: (37,37,37,255) #252525FF srgba(37,37,37,1)
         6: (38,38,0,255) #262600FF srgba(38,38,0,1)
         5: (38,38,38,255) #262626FF grey15
         4: (39,39,0,255) #272700FF srgba(39,39,0,1)
         4: (39,39,39,255) #272727FF srgba(39,39,39,1)
         5: (40,40,0,255) #282800FF srgba(40,40,0,1)
         7: (40,40,40,255) #282828FF srgba(40,40,40,1)
         4: (41,41,0,255) #292900FF srgba(41,41,0,1)
         8: (41,41,41,255) #292929FF grey16
         6: (42,42,0,255) #2A2A00FF srgba(42,42,0,1)
         6: (42,42,42,255) #2A2A2AFF srgba(42,42,42,1)
         6: (43,43,0,255) #2B2B00FF srgba(43,43,0,1)
        21: (43,43,43,255) #2B2B2BFF grey17
         3: (44,44,0,255) #2C2C00FF srgba(44,44,0,1)
         3: (44,44,44,255) #2C2C2CFF srgba(44,44,44,1)
         6: (45,45,0,255) #2D2D00FF srgba(45,45,0,1)
         7: (45,45,45,255) #2D2D2DFF srgba(45,45,45,1)
         6: (46,46,0,255) #2E2E00FF srgba(46,46,0,1)
         5: (46,46,46,255) #2E2E2EFF grey18
         3: (47,47,0,255) #2F2F00FF srgba(47,47,0,1)
         7: (47,47,47,255) #2F2F2FFF srgba(47,47,47,1)
         5: (48,48,0,255) #303000FF srgba(48,48,0,1)
        13: (48,48,48,255) #303030FF grey19
         7: (49,49,0,255) #313100FF srgba(49,49,0,1)
         8: (49,49,49,255) #313131FF srgba(49,49,49,1)
         4: (50,50,0,255) #323200FF srgba(50,50,0,1)
         1: (50,50,50,255) #323232FF srgba(50,50,50,1)
         6: (51,51,0,255) #333300FF srgba(51,51,0,1)
        19: (51,51,51,255) #333333FF grey20
         4: (52,52,0,255) #343400FF srgba(52,52,0,1)
         8: (52,52,52,255) #343434FF srgba(52,52,52,1)
         8: (53,53,0,255) #353500FF srgba(53,53,0,1)
         6: (53,53,53,255) #353535FF srgba(53,53,53,1)
         6: (54,54,0,255) #363600FF srgba(54,54,0,1)
         9: (54,54,54,255) #363636FF grey21
         2: (55,55,0,255) #373700FF srgba(55,55,0,1)
         8: (55,55,55,255) #373737FF srgba(55,55,55,1)
         6: (56,56,0,255) #383800FF srgba(56,56,0,1)
         8: (56,56,56,255) #383838FF grey22
         5: (57,57,0,255) #393900FF srgba(57,57,0,1)
         1: (57,57,57,255) #393939FF srgba(57,57,57,1)
         7: (58,58,0,255) #3A3A00FF srgba(58,58,0,1)
         3: (58,58,58,255) #3A3A3AFF srgba(58,58,58,1)
         2: (59,59,0,255) #3B3B00FF srgba(59,59,0,1)
         3: (59,59,59,255) #3B3B3BFF grey23
         4: (60,60,0,255) #3C3C00FF srgba(60,60,0,1)
         7: (60,60,60,255) #3C3C3CFF srgba(60,60,60,1)
         6: (61,61,0,255) #3D3D00FF srgba(61,61,0,1)
         4: (61,61,61,255) #3D3D3DFF grey24
         9: (62,62,0,255) #3E3E00FF srgba(62,62,0,1)
         7: (62,62,62,255) #3E3E3EFF srgba(62,62,62,1)
         7: (63,63,0,255) #3F3F00FF srgba(63,63,0,1)
         4: (63,63,63,255) #3F3F3FFF srgba(63,63,63,1)
         3: (64,64,0,255) #404000FF srgba(64,64,0,1)
         7: (64,64,64,255) #404040FF grey25
         2: (65,65,0,255) #414100FF srgba(65,65,0,1)
         3: (65,65,65,255) #414141FF srgba(65,65,65,1)
         6: (66,66,0,255) #424200FF srgba(66,66,0,1)
         7: (66,66,66,255) #424242FF grey26
         4: (67,67,0,255) #434300FF srgba(67,67,0,1)
         7: (67,67,67,255) #434343FF srgba(67,67,67,1)
         5: (68,68,0,255) #444400FF srgba(68,68,0,1)
         3: (68,68,68,255) #444444FF srgba(68,68,68,1)
         3: (69,69,0,255) #454500FF srgba(69,69,0,1)
         5: (69,69,69,255) #454545FF grey27
         3: (70,70,0,255) #464600FF srgba(70,70,0,1)
         2: (70,70,70,255) #464646FF srgba(70,70,70,1)
         4: (71,71,0,255) #474700FF srgba(71,71,0,1)
         4: (71,71,71,255) #474747FF grey28
         5: (72,72,0,255) #484800FF srgba(72,72,0,1)
         3: (72,72,72,255) #484848FF srgba(72,72,72,1)
         3: (73,73,0,255) #494900FF srgba(73,73,0,1)
         6: (73,73,73,255) #494949FF srgba(73,73,73,1)
         8: (74,74,0,255) #4A4A00FF srgba(74,74,0,1)
        12: (74,74,74,255) #4A4A4AFF grey29
         7: (75,75,0,255) #4B4B00FF srgba(75,75,0,1)
         4: (75,75,75,255) #4B4B4BFF srgba(75,75,75,1)
         5: (76,76,0,255) #4C4C00FF srgba(76,76,0,1)
        11: (76,76,76,255) #4C4C4CFF srgba(76,76,76,1)
         6: (77,77,0,255) #4D4D00FF srgba(77,77,0,1)
         8: (77,77,77,255) #4D4D4DFF grey30
         5: (78,78,0,255) #4E4E00FF srgba(78,78,0,1)
         7: (78,78,78,255) #4E4E4EFF srgba(78,78,78,1)
         4: (79,79,0,255) #4F4F00FF srgba(79,79,0,1)
         6: (79,79,79,255) #4F4F4FFF grey31
         2: (80,80,0,255) #505000FF srgba(80,80,0,1)
         5: (80,80,80,255) #505050FF srgba(80,80,80,1)
         6: (81,81,0,255) #515100FF srgba(81,81,0,1)
         5: (81,81,81,255) #515151FF srgba(81,81,81,1)
         4: (82,82,0,255) #525200FF srgba(82,82,0,1)
         2: (82,82,82,255) #525252FF grey32
         8: (83,83,0,255) #535300FF srgba(83,83,0,1)
         4: (83,83,83,255) #535353FF srgba(83,83,83,1)
         3: (84,84,0,255) #545400FF srgba(84,84,0,1)
         2: (84,84,84,255) #545454FF grey33
         9: (85,85,0,255) #555500FF srgba(85,85,0,1)
         3: (85,85,85,255) #555555FF srgba(85,85,85,1)
         4: (86,86,0,255) #565600FF srgba(86,86,0,1)
         5: (86,86,86,255) #565656FF srgba(86,86,86,1)
         1: (87,87,0,255) #575700FF srgba(87,87,0,1)
         3: (87,87,87,255) #575757FF grey34
         3: (88,88,0,255) #585800FF srgba(88,88,0,1)
         3: (88,88,88,255) #585858FF srgba(88,88,88,1)
         4: (89,89,0,255) #595900FF srgba(89,89,0,1)
         5: (89,89,89,255) #595959FF grey35
         4: (90,90,0,255) #5A5A00FF srgba(90,90,0,1)
         1: (90,90,90,255) #5A5A5AFF srgba(90,90,90,1)
         2: (91,91,0,255) #5B5B00FF srgba(91,91,0,1)
         3: (91,91,91,255) #5B5B5BFF srgba(91,91,91,1)
        10: (92,92,0,255) #5C5C00FF srgba(92,92,0,1)
         6: (92,92,92,255) #5C5C5CFF grey36
         6: (93,93,0,255) #5D5D00FF srgba(93,93,0,1)
         6: (93,93,93,255) #5D5D5DFF srgba(93,93,93,1)
         3: (94,94,0,255) #5E5E00FF srgba(94,94,0,1)
         7: (94,94,94,255) #5E5E5EFF grey37
         3: (95,95,0,255) #5F5F00FF srgba(95,95,0,1)
         2: (95,95,95,255) #5F5F5FFF srgba(95,95,95,1)
         3: (96,96,0,255) #606000FF srgba(96,96,0,1)
         3: (96,96,96,255) #606060FF srgba(96,96,96,1)
         3: (97,97,0,255) #616100FF srgba(97,97,0,1)
         6: (97,97,97,255) #616161FF grey38
         9: (98,98,0,255) #626200FF srgba(98,98,0,1)
         9: (98,98,98,255) #626262FF srgba(98,98,98,1)
         3: (99,99,0,255) #636300FF srgba(99,99,0,1)
         5: (100,100,0,255) #646400FF srgba(100,100,0,1)
         4: (100,100,100,255) #646464FF srgba(100,100,100,1)
         5: (101,101,0,255) #656500FF srgba(101,101,0,1)
         4: (101,101,101,255) #656565FF srgba(101,101,101,1)
         3: (102,102,0,255) #666600FF srgba(102,102,0,1)
         3: (102,102,102,255) #666666FF grey40
         6: (103,103,0,255) #676700FF srgba(103,103,0,1)
         6: (103,103,103,255) #676767FF srgba(103,103,103,1)
         4: (104,104,0,255) #686800FF srgba(104,104,0,1)
         4: (104,104,104,255) #686868FF srgba(104,104,104,1)
         2: (105,105,0,255) #696900FF srgba(105,105,0,1)
         2: (105,105,105,255) #696969FF DimGray
         2: (106,106,0,255) #6A6A00FF srgba(106,106,0,1)
         2: (106,106,106,255) #6A6A6AFF srgba(106,106,106,1)
         2: (107,107,0,255) #6B6B00FF srgba(107,107,0,1)
         9: (107,107,107,255) #6B6B6BFF grey42
         4: (108,108,0,255) #6C6C00FF srgba(108,108,0,1)
         6: (108,108,108,255) #6C6C6CFF srgba(108,108,108,1)
         8: (109,109,0,255) #6D6D00FF srgba(109,109,0,1)
         3: (109,109,109,255) #6D6D6DFF srgba(109,109,109,1)
         2: (110,110,0,255) #6E6E00FF srgba(110,110,0,1)
         4: (110,110,110,255) #6E6E6EFF grey43
        90: (111,111,0,255) #6F6F00FF srgba(111,111,0,1)
         7: (111,111,111,255) #6F6F6FFF srgba(111,111,111,1)
         7: (112,112,0,255) #707000FF srgba(112,112,0,1)
         6: (112,112,112,255) #707070FF grey44
         2: (113,113,0,255) #717100FF srgba(113,113,0,1)
         2: (113,113,113,255) #717171FF srgba(113,113,113,1)
         6: (114,114,0,255) #727200FF srgba(114,114,0,1)
         7: (114,114,114,255) #727272FF srgba(114,114,114,1)
         4: (115,115,0,255) #737300FF srgba(115,115,0,1)
         7: (115,115,115,255) #737373FF grey45
         4: (116,116,0,255) #747400FF srgba(116,116,0,1)
         4: (116,116,116,255) #747474FF srgba(116,116,116,1)
         4: (117,117,0,255) #757500FF srgba(117,117,0,1)
         5: (117,117,117,255) #757575FF grey46
         6: (118,118,0,255) #767600FF srgba(118,118,0,1)
         8: (118,118,118,255) #767676FF srgba(118,118,118,1)
         8: (119,119,0,255) #777700FF srgba(119,119,0,1)
         5: (119,119,119,255) #777777FF srgba(119,119,119,1)
         4: (120,120,0,255) #787800FF srgba(120,120,0,1)
        11: (120,120,120,255) #787878FF grey47
         4: (121,121,0,255) #797900FF srgba(121,121,0,1)
         5: (121,121,121,255) #797979FF srgba(121,121,121,1)
         5: (122,122,0,255) #7A7A00FF srgba(122,122,0,1)
         5: (122,122,122,255) #7A7A7AFF grey48
         5: (123,123,0,255) #7B7B00FF srgba(123,123,0,1)
        87: (123,123,123,255) #7B7B7BFF srgba(123,123,123,1)
         3: (124,124,0,255) #7C7C00FF srgba(124,124,0,1)
         6: (124,124,124,255) #7C7C7CFF srgba(124,124,124,1)
         4: (125,125,0,255) #7D7D00FF srgba(125,125,0,1)
         5: (125,125,125,255) #7D7D7DFF grey49
         4: (126,126,0,255) #7E7E00FF srgba(126,126,0,1)
         2: (126,126,126,255) #7E7E7EFF gray
         7: (127,127,0,255) #7F7F00FF srgba(127,127,0,1)
         4: (127,127,127,255) #7F7F7FFF grey50
       592: (128,0,0,255) #800000FF maroon
       718: (128,128,0,255) #808000FF olive
         3: (128,128,128,255) #808080FF fractal
         2: (129,129,0,255) #818100FF srgba(129,129,0,1)
         2: (129,129,129,255) #818181FF srgba(129,129,129,1)
         2: (130,130,0,255) #828200FF srgba(130,130,0,1)
         4: (130,130,130,255) #828282FF grey51
         4: (131,131,0,255) #838300FF srgba(131,131,0,1)
         4: (131,131,131,255) #838383FF srgba(131,131,131,1)
         4: (132,132,0,255) #848400FF srgba(132,132,0,1)
         3: (132,132,132,255) #848484FF srgba(132,132,132,1)
         6: (133,133,0,255) #858500FF srgba(133,133,0,1)
         7: (133,133,133,255) #858585FF grey52
         4: (134,134,0,255) #868600FF srgba(134,134,0,1)
         4: (134,134,134,255) #868686FF srgba(134,134,134,1)
         5: (135,135,0,255) #878700FF srgba(135,135,0,1)
         3: (135,135,135,255) #878787FF grey53
         5: (136,136,0,255) #888800FF srgba(136,136,0,1)
         7: (136,136,136,255) #888888FF srgba(136,136,136,1)
         3: (137,137,0,255) #898900FF srgba(137,137,0,1)
         8: (137,137,137,255) #898989FF srgba(137,137,137,1)
         3: (138,138,0,255) #8A8A00FF srgba(138,138,0,1)
         3: (138,138,138,255) #8A8A8AFF grey54
         7: (139,139,0,255) #8B8B00FF srgba(139,139,0,1)
         1: (139,139,139,255) #8B8B8BFF srgba(139,139,139,1)
         3: (140,140,0,255) #8C8C00FF srgba(140,140,0,1)
         9: (140,140,140,255) #8C8C8CFF grey55
         4: (141,141,0,255) #8D8D00FF srgba(141,141,0,1)
         7: (141,141,141,255) #8D8D8DFF srgba(141,141,141,1)
         5: (142,142,0,255) #8E8E00FF srgba(142,142,0,1)
         4: (142,142,142,255) #8E8E8EFF srgba(142,142,142,1)
         5: (143,143,0,255) #8F8F00FF srgba(143,143,0,1)
        13: (143,143,143,255) #8F8F8FFF grey56
         1: (144,144,0,255) #909000FF srgba(144,144,0,1)
         7: (144,144,144,255) #909090FF srgba(144,144,144,1)
         3: (145,145,0,255) #919100FF srgba(145,145,0,1)
         4: (145,145,145,255) #919191FF grey57
         8: (146,146,0,255) #929200FF srgba(146,146,0,1)
         5: (146,146,146,255) #929292FF srgba(146,146,146,1)
         2: (147,147,0,255) #939300FF srgba(147,147,0,1)
         3: (147,147,147,255) #939393FF srgba(147,147,147,1)
         7: (148,148,0,255) #949400FF srgba(148,148,0,1)
         8: (148,148,148,255) #949494FF grey58
         3: (149,149,0,255) #959500FF srgba(149,149,0,1)
         7: (149,149,149,255) #959595FF srgba(149,149,149,1)
         8: (150,150,0,255) #969600FF srgba(150,150,0,1)
         5: (150,150,150,255) #969696FF grey59
         3: (151,151,0,255) #979700FF srgba(151,151,0,1)
        10: (151,151,151,255) #979797FF srgba(151,151,151,1)
         4: (152,152,0,255) #989800FF srgba(152,152,0,1)
        12: (153,153,0,255) #999900FF srgba(153,153,0,1)
         5: (153,153,153,255) #999999FF grey60
         6: (154,154,0,255) #9A9A00FF srgba(154,154,0,1)
         7: (154,154,154,255) #9A9A9AFF srgba(154,154,154,1)
         5: (155,155,0,255) #9B9B00FF srgba(155,155,0,1)
         3: (155,155,155,255) #9B9B9BFF srgba(155,155,155,1)
         6: (156,156,0,255) #9C9C00FF srgba(156,156,0,1)
         6: (156,156,156,255) #9C9C9CFF grey61
         2: (157,157,0,255) #9D9D00FF srgba(157,157,0,1)
         7: (157,157,157,255) #9D9D9DFF srgba(157,157,157,1)
         4: (158,158,0,255) #9E9E00FF srgba(158,158,0,1)
         5: (158,158,158,255) #9E9E9EFF grey62
        10: (159,159,0,255) #9F9F00FF srgba(159,159,0,1)
         5: (159,159,159,255) #9F9F9FFF srgba(159,159,159,1)
         4: (160,160,0,255) #A0A000FF srgba(160,160,0,1)
         3: (160,160,160,255) #A0A0A0FF srgba(160,160,160,1)
         7: (161,161,0,255) #A1A100FF srgba(161,161,0,1)
         9: (161,161,161,255) #A1A1A1FF grey63
         7: (162,162,0,255) #A2A200FF srgba(162,162,0,1)
         2: (162,162,162,255) #A2A2A2FF srgba(162,162,162,1)
         4: (163,163,0,255) #A3A300FF srgba(163,163,0,1)
         2: (163,163,163,255) #A3A3A3FF grey64
         3: (164,164,0,255) #A4A400FF srgba(164,164,0,1)
         5: (164,164,164,255) #A4A4A4FF srgba(164,164,164,1)
         6: (165,165,0,255) #A5A500FF srgba(165,165,0,1)
         1: (165,165,165,255) #A5A5A5FF srgba(165,165,165,1)
         5: (166,166,0,255) #A6A600FF srgba(166,166,0,1)
         6: (166,166,166,255) #A6A6A6FF grey65
         7: (167,167,0,255) #A7A700FF srgba(167,167,0,1)
         5: (167,167,167,255) #A7A7A7FF srgba(167,167,167,1)
         7: (168,168,0,255) #A8A800FF srgba(168,168,0,1)
         5: (168,168,168,255) #A8A8A8FF grey66
         5: (169,169,0,255) #A9A900FF srgba(169,169,0,1)
         2: (169,169,169,255) #A9A9A9FF DarkGray
         2: (170,170,0,255) #AAAA00FF srgba(170,170,0,1)
         5: (170,170,170,255) #AAAAAAFF srgba(170,170,170,1)
         5: (171,171,0,255) #ABAB00FF srgba(171,171,0,1)
         6: (171,171,171,255) #ABABABFF grey67
         6: (172,172,0,255) #ACAC00FF srgba(172,172,0,1)
         6: (172,172,172,255) #ACACACFF srgba(172,172,172,1)
         6: (173,173,0,255) #ADAD00FF srgba(173,173,0,1)
         3: (173,173,173,255) #ADADADFF grey68
         6: (174,174,0,255) #AEAE00FF srgba(174,174,0,1)
         1: (174,174,174,255) #AEAEAEFF srgba(174,174,174,1)
         2: (175,175,0,255) #AFAF00FF srgba(175,175,0,1)
         7: (175,175,175,255) #AFAFAFFF srgba(175,175,175,1)
         4: (176,176,0,255) #B0B000FF srgba(176,176,0,1)
         3: (176,176,176,255) #B0B0B0FF grey69
         2: (177,177,0,255) #B1B100FF srgba(177,177,0,1)
         1: (177,177,177,255) #B1B1B1FF srgba(177,177,177,1)
         3: (178,178,0,255) #B2B200FF srgba(178,178,0,1)
         3: (178,178,178,255) #B2B2B2FF srgba(178,178,178,1)
         5: (179,179,0,255) #B3B300FF srgba(179,179,0,1)
         6: (179,179,179,255) #B3B3B3FF grey70
         8: (180,180,0,255) #B4B400FF srgba(180,180,0,1)
         2: (180,180,180,255) #B4B4B4FF srgba(180,180,180,1)
         5: (181,181,0,255) #B5B500FF srgba(181,181,0,1)
         5: (181,181,181,255) #B5B5B5FF grey71
         3: (182,182,0,255) #B6B600FF srgba(182,182,0,1)
         4: (182,182,182,255) #B6B6B6FF srgba(182,182,182,1)
         4: (183,183,0,255) #B7B700FF srgba(183,183,0,1)
         7: (183,183,183,255) #B7B7B7FF srgba(183,183,183,1)
         2: (184,184,0,255) #B8B800FF srgba(184,184,0,1)
         6: (184,184,184,255) #B8B8B8FF grey72
         4: (185,185,0,255) #B9B900FF srgba(185,185,0,1)
         6: (185,185,185,255) #B9B9B9FF srgba(185,185,185,1)
         2: (186,186,0,255) #BABA00FF srgba(186,186,0,1)
         7: (186,186,186,255) #BABABAFF grey73
        15: (187,187,0,255) #BBBB00FF srgba(187,187,0,1)
         6: (187,187,187,255) #BBBBBBFF srgba(187,187,187,1)
         5: (188,188,0,255) #BCBC00FF srgba(188,188,0,1)
         3: (188,188,188,255) #BCBCBCFF srgba(188,188,188,1)
         4: (189,189,0,255) #BDBD00FF srgba(189,189,0,1)
         5: (189,189,189,255) #BDBDBDFF grey74
        11: (190,190,0,255) #BEBE00FF srgba(190,190,0,1)
         6: (190,190,190,255) #BEBEBEFF grey
         6: (191,191,0,255) #BFBF00FF srgba(191,191,0,1)
         3: (191,191,191,255) #BFBFBFFF grey75
         5: (192,192,0,255) #C0C000FF srgba(192,192,0,1)
         1: (192,192,192,255) #C0C0C0FF silver
         4: (193,193,0,255) #C1C100FF srgba(193,193,0,1)
         5: (193,193,193,255) #C1C1C1FF srgba(193,193,193,1)
         5: (194,194,0,255) #C2C200FF srgba(194,194,0,1)
         8: (194,194,194,255) #C2C2C2FF grey76
         2: (195,195,0,255) #C3C300FF srgba(195,195,0,1)
         7: (195,195,195,255) #C3C3C3FF srgba(195,195,195,1)
         5: (196,196,0,255) #C4C400FF srgba(196,196,0,1)
         6: (196,196,196,255) #C4C4C4FF grey77
         4: (197,197,0,255) #C5C500FF srgba(197,197,0,1)
         5: (197,197,197,255) #C5C5C5FF srgba(197,197,197,1)
        34: (198,198,0,255) #C6C600FF srgba(198,198,0,1)
         7: (198,198,198,255) #C6C6C6FF srgba(198,198,198,1)
         4: (199,199,0,255) #C7C700FF srgba(199,199,0,1)
         8: (199,199,199,255) #C7C7C7FF grey78
         4: (200,200,0,255) #C8C800FF srgba(200,200,0,1)
         4: (200,200,200,255) #C8C8C8FF srgba(200,200,200,1)
         7: (201,201,0,255) #C9C900FF srgba(201,201,0,1)
         3: (201,201,201,255) #C9C9C9FF grey79
         4: (202,202,0,255) #CACA00FF srgba(202,202,0,1)
         6: (202,202,202,255) #CACACAFF srgba(202,202,202,1)
         9: (203,203,0,255) #CBCB00FF srgba(203,203,0,1)
         5: (203,203,203,255) #CBCBCBFF srgba(203,203,203,1)
         8: (204,204,0,255) #CCCC00FF srgba(204,204,0,1)
         9: (204,204,204,255) #CCCCCCFF grey80
         5: (205,205,0,255) #CDCD00FF srgba(205,205,0,1)
         3: (205,205,205,255) #CDCDCDFF srgba(205,205,205,1)
        12: (206,206,0,255) #CECE00FF srgba(206,206,0,1)
        29: (206,206,206,255) #CECECEFF srgba(206,206,206,1)
         3: (207,207,0,255) #CFCF00FF srgba(207,207,0,1)
         5: (207,207,207,255) #CFCFCFFF grey81
         5: (208,208,0,255) #D0D000FF srgba(208,208,0,1)
         6: (208,208,208,255) #D0D0D0FF srgba(208,208,208,1)
        20: (209,209,0,255) #D1D100FF srgba(209,209,0,1)
         5: (209,209,209,255) #D1D1D1FF grey82
         5: (210,210,0,255) #D2D200FF srgba(210,210,0,1)
         2: (210,210,210,255) #D2D2D2FF srgba(210,210,210,1)
         5: (211,211,0,255) #D3D300FF srgba(211,211,0,1)
         7: (211,211,211,255) #D3D3D3FF LightGray
         4: (212,212,0,255) #D4D400FF srgba(212,212,0,1)
         3: (212,212,212,255) #D4D4D4FF grey83
         7: (213,213,0,255) #D5D500FF srgba(213,213,0,1)
         7: (213,213,213,255) #D5D5D5FF srgba(213,213,213,1)
         5: (214,214,0,255) #D6D600FF srgba(214,214,0,1)
         9: (214,214,214,255) #D6D6D6FF grey84
        13: (215,215,0,255) #D7D700FF srgba(215,215,0,1)
         9: (215,215,215,255) #D7D7D7FF srgba(215,215,215,1)
         6: (216,216,0,255) #D8D800FF srgba(216,216,0,1)
         7: (216,216,216,255) #D8D8D8FF srgba(216,216,216,1)
        10: (217,217,0,255) #D9D900FF srgba(217,217,0,1)
         2: (217,217,217,255) #D9D9D9FF grey85
         5: (218,218,0,255) #DADA00FF srgba(218,218,0,1)
        11: (218,218,218,255) #DADADAFF srgba(218,218,218,1)
         6: (219,219,0,255) #DBDB00FF srgba(219,219,0,1)
         3: (219,219,219,255) #DBDBDBFF grey86
         8: (220,220,0,255) #DCDC00FF srgba(220,220,0,1)
         9: (220,220,220,255) #DCDCDCFF gainsboro
        27: (221,221,0,255) #DDDD00FF srgba(221,221,0,1)
         6: (221,221,221,255) #DDDDDDFF srgba(221,221,221,1)
         5: (222,222,0,255) #DEDE00FF srgba(222,222,0,1)
         5: (222,222,222,255) #DEDEDEFF grey87
         5: (223,223,0,255) #DFDF00FF srgba(223,223,0,1)
         5: (223,223,223,255) #DFDFDFFF srgba(223,223,223,1)
         5: (224,224,0,255) #E0E000FF srgba(224,224,0,1)
         7: (224,224,224,255) #E0E0E0FF grey88
        11: (225,225,0,255) #E1E100FF srgba(225,225,0,1)
        10: (225,225,225,255) #E1E1E1FF srgba(225,225,225,1)
         5: (226,226,0,255) #E2E200FF srgba(226,226,0,1)
         6: (226,226,226,255) #E2E2E2FF srgba(226,226,226,1)
         4: (227,227,0,255) #E3E300FF srgba(227,227,0,1)
         9: (227,227,227,255) #E3E3E3FF grey89
         6: (228,228,0,255) #E4E400FF srgba(228,228,0,1)
         6: (228,228,228,255) #E4E4E4FF srgba(228,228,228,1)
         2: (229,229,0,255) #E5E500FF srgba(229,229,0,1)
         9: (229,229,229,255) #E5E5E5FF grey90
        15: (230,230,0,255) #E6E600FF srgba(230,230,0,1)
         9: (230,230,230,255) #E6E6E6FF srgba(230,230,230,1)
        11: (231,231,0,255) #E7E700FF srgba(231,231,0,1)
         8: (231,231,231,255) #E7E7E7FF srgba(231,231,231,1)
         4: (232,232,0,255) #E8E800FF srgba(232,232,0,1)
         7: (232,232,232,255) #E8E8E8FF grey91
         6: (233,233,0,255) #E9E900FF srgba(233,233,0,1)
         5: (233,233,233,255) #E9E9E9FF srgba(233,233,233,1)
         6: (234,234,0,255) #EAEA00FF srgba(234,234,0,1)
         7: (234,234,234,255) #EAEAEAFF srgba(234,234,234,1)
         8: (235,235,0,255) #EBEB00FF srgba(235,235,0,1)
        14: (235,235,235,255) #EBEBEBFF grey92
        11: (236,236,0,255) #ECEC00FF srgba(236,236,0,1)
        19: (236,236,236,255) #ECECECFF srgba(236,236,236,1)
         8: (237,237,0,255) #EDED00FF srgba(237,237,0,1)
         7: (237,237,237,255) #EDEDEDFF grey93
        12: (238,238,0,255) #EEEE00FF srgba(238,238,0,1)
         7: (238,238,238,255) #EEEEEEFF srgba(238,238,238,1)
         6: (239,239,0,255) #EFEF00FF srgba(239,239,0,1)
        11: (239,239,239,255) #EFEFEFFF srgba(239,239,239,1)
         7: (240,240,0,255) #F0F000FF srgba(240,240,0,1)
         9: (240,240,240,255) #F0F0F0FF grey94
         8: (241,241,0,255) #F1F100FF srgba(241,241,0,1)
        11: (241,241,241,255) #F1F1F1FF srgba(241,241,241,1)
         5: (242,242,0,255) #F2F200FF srgba(242,242,0,1)
         7: (242,242,242,255) #F2F2F2FF grey95
        12: (243,243,0,255) #F3F300FF srgba(243,243,0,1)
         9: (243,243,243,255) #F3F3F3FF srgba(243,243,243,1)
        13: (244,244,0,255) #F4F400FF srgba(244,244,0,1)
        13: (244,244,244,255) #F4F4F4FF srgba(244,244,244,1)
        10: (245,245,0,255) #F5F500FF srgba(245,245,0,1)
         7: (245,245,245,255) #F5F5F5FF grey96
        14: (246,246,0,255) #F6F600FF srgba(246,246,0,1)
        13: (246,246,246,255) #F6F6F6FF srgba(246,246,246,1)
        10: (247,247,0,255) #F7F700FF srgba(247,247,0,1)
        10: (247,247,247,255) #F7F7F7FF grey97
         6: (248,248,0,255) #F8F800FF srgba(248,248,0,1)
        10: (248,248,248,255) #F8F8F8FF srgba(248,248,248,1)
        18: (249,249,0,255) #F9F900FF srgba(249,249,0,1)
        13: (249,249,249,255) #F9F9F9FF srgba(249,249,249,1)
        10: (250,250,0,255) #FAFA00FF srgba(250,250,0,1)
        15: (250,250,250,255) #FAFAFAFF grey98
        15: (251,251,0,255) #FBFB00FF srgba(251,251,0,1)
        15: (251,251,251,255) #FBFBFBFF srgba(251,251,251,1)
        19: (252,252,0,255) #FCFC00FF srgba(252,252,0,1)
        23: (252,252,252,255) #FCFCFCFF grey99
        17: (253,253,0,255) #FDFD00FF srgba(253,253,0,1)
        11: (253,253,253,255) #FDFDFDFF srgba(253,253,253,1)
        24: (254,254,0,255) #FEFE00FF srgba(254,254,0,1)
        32: (254,254,254,255) #FEFEFEFF srgba(254,254,254,1)
       364: (255,0,0,255) #FF0000FF red
       872: (255,0,255,255) #FF00FFFF magenta
     28073: (255,128,0,255) #FF8000FF srgba(255,128,0,1)
       421: (255,128,128,255) #FF8080FF srgba(255,128,128,1)
    300496: (255,255,255,255) #FFFFFFFF white
