       241: (127,0,0,255) #7F0000FF srgba(127,0,0,1)
        32: (128,0,0,255) #800000FF maroon
      1996: (128,0,255,255) #8000FFFF srgba(128,0,255,1)
        53: (128,1,1,255) #800101FF srgba(128,1,1,1)
      1830: (128,255,0,255) #80FF00FF srgba(128,255,0,1)
        44: (129,2,2,255) #810202FF srgba(129,2,2,1)
        21: (129,3,3,255) #810303FF srgba(129,3,3,1)
        31: (130,4,4,255) #820404FF srgba(130,4,4,1)
        23: (130,5,5,255) #820505FF srgba(130,5,5,1)
        24: (131,6,6,255) #830606FF srgba(131,6,6,1)
        15: (131,7,7,255) #830707FF srgba(131,7,7,1)
         1: (131,8,8,255) #830808FF srgba(131,8,8,1)
        65: (132,8,8,255) #840808FF srgba(132,8,8,1)
        17: (132,9,9,255) #840909FF srgba(132,9,9,1)
        18: (133,10,10,255) #850A0AFF srgba(133,10,10,1)
        22: (133,11,11,255) #850B0BFF srgba(133,11,11,1)
        12: (134,12,12,255) #860C0CFF srgba(134,12,12,1)
        14: (134,13,13,255) #860D0DFF srgba(134,13,13,1)
         9: (135,14,14,255) #870E0EFF srgba(135,14,14,1)
        18: (135,15,15,255) #870F0FFF srgba(135,15,15,1)
        18: (136,16,16,255) #881010FF srgba(136,16,16,1)
        21: (136,17,17,255) #881111FF srgba(136,17,17,1)
         1: (136,18,18,255) #881212FF srgba(136,18,18,1)
        19: (137,18,18,255) #891212FF srgba(137,18,18,1)
        14: (137,19,19,255) #891313FF srgba(137,19,19,1)
         9: (138,20,20,255) #8A1414FF srgba(138,20,20,1)
        14: (138,21,21,255) #8A1515FF srgba(138,21,21,1)
        16: (139,22,22,255) #8B1616FF srgba(139,22,22,1)
        19: (139,23,23,255) #8B1717FF srgba(139,23,23,1)
        11: (140,24,24,255) #8C1818FF srgba(140,24,24,1)
        15: (140,25,25,255) #8C1919FF srgba(140,25,25,1)
         8: (141,26,26,255) #8D1A1AFF srgba(141,26,26,1)
         9: (141,27,27,255) #8D1B1BFF srgba(141,27,27,1)
        11: (142,28,28,255) #8E1C1CFF srgba(142,28,28,1)
         9: (142,29,29,255) #8E1D1DFF srgba(142,29,29,1)
        17: (143,30,30,255) #8F1E1EFF srgba(143,30,30,1)
         6: (143,31,31,255) #8F1F1FFF srgba(143,31,31,1)
        10: (144,32,32,255) #902020FF srgba(144,32,32,1)
        11: (144,33,33,255) #902121FF srgba(144,33,33,1)
        30: (145,34,34,255) #912222FF srgba(145,34,34,1)
        11: (145,35,35,255) #912323FF srgba(145,35,35,1)
        12: (146,36,36,255) #922424FF srgba(146,36,36,1)
        14: (146,37,37,255) #922525FF srgba(146,37,37,1)
         9: (147,38,38,255) #932626FF srgba(147,38,38,1)
        13: (147,39,39,255) #932727FF srgba(147,39,39,1)
        11: (148,40,40,255) #942828FF srgba(148,40,40,1)
         9: (148,41,41,255) #942929FF srgba(148,41,41,1)
        14: (149,42,42,255) #952A2AFF srgba(149,42,42,1)
         8: (149,43,43,255) #952B2BFF srgba(149,43,43,1)
        16: (150,44,44,255) #962C2CFF srgba(150,44,44,1)
         4: (150,45,45,255) #962D2DFF srgba(150,45,45,1)
         5: (151,46,46,255) #972E2EFF srgba(151,46,46,1)
         9: (151,47,47,255) #972F2FFF srgba(151,47,47,1)
         9: (152,48,48,255) #983030FF srgba(152,48,48,1)
         7: (152,49,49,255) #983131FF srgba(152,49,49,1)
        39: (153,50,50,255) #993232FF srgba(153,50,50,1)
        39: (153,51,51,255) #993333FF srgba(153,51,51,1)
        12: (154,52,52,255) #9A3434FF srgba(154,52,52,1)
         6: (154,53,53,255) #9A3535FF srgba(154,53,53,1)
         4: (155,54,54,255) #9B3636FF srgba(155,54,54,1)
         8: (155,55,55,255) #9B3737FF srgba(155,55,55,1)
         3: (156,56,56,255) #9C3838FF srgba(156,56,56,1)
         9: (156,57,57,255) #9C3939FF srgba(156,57,57,1)
         9: (157,58,58,255) #9D3A3AFF srgba(157,58,58,1)
        13: (157,59,59,255) #9D3B3BFF srgba(157,59,59,1)
        10: (158,60,60,255) #9E3C3CFF srgba(158,60,60,1)
         7: (158,61,61,255) #9E3D3DFF srgba(158,61,61,1)
        10: (159,62,62,255) #9F3E3EFF srgba(159,62,62,1)
         8: (159,63,63,255) #9F3F3FFF srgba(159,63,63,1)
         8: (160,64,64,255) #A04040FF srgba(160,64,64,1)
         9: (160,65,65,255) #A04141FF srgba(160,65,65,1)
        14: (161,66,66,255) #A14242FF srgba(161,66,66,1)
         9: (161,67,67,255) #A14343FF srgba(161,67,67,1)
        10: (162,68,68,255) #A24444FF srgba(162,68,68,1)
         5: (162,69,69,255) #A24545FF srgba(162,69,69,1)
         4: (163,70,70,255) #A34646FF srgba(163,70,70,1)
         3: (163,71,71,255) #A34747FF srgba(163,71,71,1)
         7: (164,72,72,255) #A44848FF srgba(164,72,72,1)
        17: (164,73,73,255) #A44949FF srgba(164,73,73,1)
        12: (165,74,74,255) #A54A4AFF srgba(165,74,74,1)
         7: (165,75,75,255) #A54B4BFF srgba(165,75,75,1)
        14: (166,76,76,255) #A64C4CFF srgba(166,76,76,1)
         8: (166,77,77,255) #A64D4DFF srgba(166,77,77,1)
        12: (167,78,78,255) #A74E4EFF srgba(167,78,78,1)
         8: (167,79,79,255) #A74F4FFF srgba(167,79,79,1)
        10: (168,80,80,255) #A85050FF srgba(168,80,80,1)
        13: (168,81,81,255) #A85151FF srgba(168,81,81,1)
         6: (169,82,82,255) #A95252FF srgba(169,82,82,1)
         4: (169,83,83,255) #A95353FF srgba(169,83,83,1)
        13: (170,84,84,255) #AA5454FF srgba(170,84,84,1)
         9: (170,85,85,255) #AA5555FF srgba(170,85,85,1)
        12: (171,86,86,255) #AB5656FF srgba(171,86,86,1)
         5: (171,87,87,255) #AB5757FF srgba(171,87,87,1)
         5: (172,88,88,255) #AC5858FF srgba(172,88,88,1)
        10: (172,89,89,255) #AC5959FF srgba(172,89,89,1)
         6: (173,90,90,255) #AD5A5AFF srgba(173,90,90,1)
         6: (173,91,91,255) #AD5B5BFF srgba(173,91,91,1)
        14: (174,92,92,255) #AE5C5CFF srgba(174,92,92,1)
         6: (174,93,93,255) #AE5D5DFF srgba(174,93,93,1)
         5: (175,94,94,255) #AF5E5EFF srgba(175,94,94,1)
         8: (175,95,95,255) #AF5F5FFF srgba(175,95,95,1)
         9: (176,96,96,255) #B06060FF srgba(176,96,96,1)
         4: (176,97,97,255) #B06161FF srgba(176,97,97,1)
        12: (177,98,98,255) #B16262FF srgba(177,98,98,1)
        12: (177,99,99,255) #B16363FF srgba(177,99,99,1)
        10: (178,100,100,255) #B26464FF srgba(178,100,100,1)
        13: (178,101,101,255) #B26565FF srgba(178,101,101,1)
        19: (179,102,102,255) #B36666FF srgba(179,102,102,1)
         7: (179,103,103,255) #B36767FF srgba(179,103,103,1)
         3: (180,104,104,255) #B46868FF srgba(180,104,104,1)
         8: (180,105,105,255) #B46969FF srgba(180,105,105,1)
        11: (181,106,106,255) #B56A6AFF srgba(181,106,106,1)
         4: (181,107,107,255) #B56B6BFF srgba(181,107,107,1)
        10: (182,108,108,255) #B66C6CFF srgba(182,108,108,1)
         6: (182,109,109,255) #B66D6DFF srgba(182,109,109,1)
         7: (183,110,110,255) #B76E6EFF srgba(183,110,110,1)
         8: (183,111,111,255) #B76F6FFF srgba(183,111,111,1)
         9: (184,112,112,255) #B87070FF srgba(184,112,112,1)
        10: (184,113,113,255) #B87171FF srgba(184,113,113,1)
        12: (185,114,114,255) #B97272FF srgba(185,114,114,1)
        10: (185,115,115,255) #B97373FF srgba(185,115,115,1)
         8: (186,116,116,255) #BA7474FF srgba(186,116,116,1)
         8: (186,117,117,255) #BA7575FF srgba(186,117,117,1)
         8: (187,118,118,255) #BB7676FF srgba(187,118,118,1)
        12: (187,119,119,255) #BB7777FF srgba(187,119,119,1)
        12: (188,120,120,255) #BC7878FF srgba(188,120,120,1)
        12: (188,121,121,255) #BC7979FF srgba(188,121,121,1)
        10: (189,122,122,255) #BD7A7AFF srgba(189,122,122,1)
        12: (189,123,123,255) #BD7B7BFF srgba(189,123,123,1)
         4: (190,124,124,255) #BE7C7CFF srgba(190,124,124,1)
         4: (190,125,125,255) #BE7D7DFF srgba(190,125,125,1)
         7: (191,126,126,255) #BF7E7EFF srgba(191,126,126,1)
        17: (191,127,127,255) #BF7F7FFF srgba(191,127,127,1)
         9: (192,128,128,255) #C08080FF srgba(192,128,128,1)
         4: (192,129,129,255) #C08181FF srgba(192,129,129,1)
        13: (193,130,130,255) #C18282FF srgba(193,130,130,1)
         6: (193,131,131,255) #C18383FF srgba(193,131,131,1)
         6: (194,132,132,255) #C28484FF srgba(194,132,132,1)
         5: (194,133,133,255) #C28585FF srgba(194,133,133,1)
         5: (195,134,134,255) #C38686FF srgba(195,134,134,1)
         6: (195,135,135,255) #C38787FF srgba(195,135,135,1)
        13: (196,136,136,255) #C48888FF srgba(196,136,136,1)
         7: (196,137,137,255) #C48989FF srgba(196,137,137,1)
        11: (197,138,138,255) #C58A8AFF srgba(197,138,138,1)
        12: (197,139,139,255) #C58B8BFF srgba(197,139,139,1)
         7: (198,140,140,255) #C68C8CFF srgba(198,140,140,1)
        10: (198,141,141,255) #C68D8DFF srgba(198,141,141,1)
         8: (199,142,142,255) #C78E8EFF srgba(199,142,142,1)
         8: (199,143,143,255) #C78F8FFF srgba(199,143,143,1)
         6: (200,144,144,255) #C89090FF srgba(200,144,144,1)
         5: (200,145,145,255) #C89191FF srgba(200,145,145,1)
         6: (201,146,146,255) #C99292FF srgba(201,146,146,1)
        14: (201,147,147,255) #C99393FF srgba(201,147,147,1)
        10: (202,148,148,255) #CA9494FF srgba(202,148,148,1)
         9: (202,149,149,255) #CA9595FF srgba(202,149,149,1)
        12: (203,150,150,255) #CB9696FF srgba(203,150,150,1)
         6: (203,151,151,255) #CB9797FF srgba(203,151,151,1)
         5: (204,152,152,255) #CC9898FF srgba(204,152,152,1)
        13: (204,153,153,255) #CC9999FF srgba(204,153,153,1)
         5: (205,154,154,255) #CD9A9AFF srgba(205,154,154,1)
         7: (205,155,155,255) #CD9B9BFF srgba(205,155,155,1)
         6: (206,156,156,255) #CE9C9CFF srgba(206,156,156,1)
         7: (206,157,157,255) #CE9D9DFF srgba(206,157,157,1)
         7: (207,158,158,255) #CF9E9EFF srgba(207,158,158,1)
        14: (207,159,159,255) #CF9F9FFF srgba(207,159,159,1)
         9: (208,160,160,255) #D0A0A0FF srgba(208,160,160,1)
         7: (208,161,161,255) #D0A1A1FF srgba(208,161,161,1)
         4: (209,162,162,255) #D1A2A2FF srgba(209,162,162,1)
         7: (209,163,163,255) #D1A3A3FF srgba(209,163,163,1)
         8: (210,164,164,255) #D2A4A4FF srgba(210,164,164,1)
        10: (210,165,165,255) #D2A5A5FF srgba(210,165,165,1)
        12: (211,166,166,255) #D3A6A6FF srgba(211,166,166,1)
         7: (211,167,167,255) #D3A7A7FF srgba(211,167,167,1)
         7: (212,168,168,255) #D4A8A8FF srgba(212,168,168,1)
         8: (212,169,169,255) #D4A9A9FF srgba(212,169,169,1)
        14: (213,170,170,255) #D5AAAAFF srgba(213,170,170,1)
         7: (213,171,171,255) #D5ABABFF srgba(213,171,171,1)
         4: (214,172,172,255) #D6ACACFF srgba(214,172,172,1)
        11: (214,173,173,255) #D6ADADFF srgba(214,173,173,1)
         7: (215,174,174,255) #D7AEAEFF srgba(215,174,174,1)
         8: (215,175,175,255) #D7AFAFFF srgba(215,175,175,1)
         4: (216,176,176,255) #D8B0B0FF srgba(216,176,176,1)
         6: (216,177,177,255) #D8B1B1FF srgba(216,177,177,1)
        13: (217,178,178,255) #D9B2B2FF srgba(217,178,178,1)
         6: (217,179,179,255) #D9B3B3FF srgba(217,179,179,1)
        10: (218,180,180,255) #DAB4B4FF srgba(218,180,180,1)
        13: (218,181,181,255) #DAB5B5FF srgba(218,181,181,1)
         5: (219,182,182,255) #DBB6B6FF srgba(219,182,182,1)
         9: (219,183,183,255) #DBB7B7FF srgba(219,183,183,1)
        12: (220,184,184,255) #DCB8B8FF srgba(220,184,184,1)
         7: (220,185,185,255) #DCB9B9FF srgba(220,185,185,1)
        12: (221,186,186,255) #DDBABAFF srgba(221,186,186,1)
         4: (221,187,187,255) #DDBBBBFF srgba(221,187,187,1)
        28: (222,188,188,255) #DEBCBCFF srgba(222,188,188,1)
        13: (222,189,189,255) #DEBDBDFF srgba(222,189,189,1)
        10: (223,190,190,255) #DFBEBEFF srgba(223,190,190,1)
         6: (223,191,191,255) #DFBFBFFF srgba(223,191,191,1)
         7: (224,192,192,255) #E0C0C0FF srgba(224,192,192,1)
        18: (224,193,193,255) #E0C1C1FF srgba(224,193,193,1)
        23: (225,194,194,255) #E1C2C2FF srgba(225,194,194,1)
         6: (225,195,195,255) #E1C3C3FF srgba(225,195,195,1)
        10: (226,196,196,255) #E2C4C4FF srgba(226,196,196,1)
        10: (226,197,197,255) #E2C5C5FF srgba(226,197,197,1)
         9: (227,198,198,255) #E3C6C6FF srgba(227,198,198,1)
         6: (227,199,199,255) #E3C7C7FF srgba(227,199,199,1)
        12: (228,200,200,255) #E4C8C8FF srgba(228,200,200,1)
         3: (228,201,201,255) #E4C9C9FF srgba(228,201,201,1)
         9: (229,202,202,255) #E5CACAFF srgba(229,202,202,1)
        11: (229,203,203,255) #E5CBCBFF srgba(229,203,203,1)
        12: (230,204,204,255) #E6CCCCFF srgba(230,204,204,1)
        10: (230,205,205,255) #E6CDCDFF srgba(230,205,205,1)
         6: (231,206,206,255) #E7CECEFF srgba(231,206,206,1)
        11: (231,207,207,255) #E7CFCFFF srgba(231,207,207,1)
         9: (232,208,208,255) #E8D0D0FF srgba(232,208,208,1)
         7: (232,209,209,255) #E8D1D1FF srgba(232,209,209,1)
        12: (233,210,210,255) #E9D2D2FF srgba(233,210,210,1)
        12: (233,211,211,255) #E9D3D3FF srgba(233,211,211,1)
         9: (234,212,212,255) #EAD4D4FF srgba(234,212,212,1)
        12: (234,213,213,255) #EAD5D5FF srgba(234,213,213,1)
        12: (235,214,214,255) #EBD6D6FF srgba(235,214,214,1)
         6: (235,215,215,255) #EBD7D7FF srgba(235,215,215,1)
        10: (236,216,216,255) #ECD8D8FF srgba(236,216,216,1)
         4: (236,217,217,255) #ECD9D9FF srgba(236,217,217,1)
        12: (237,218,218,255) #EDDADAFF srgba(237,218,218,1)
        13: (237,219,219,255) #EDDBDBFF srgba(237,219,219,1)
        13: (238,220,220,255) #EEDCDCFF srgba(238,220,220,1)
        43: (238,221,221,255) #EEDDDDFF srgba(238,221,221,1)
         7: (239,222,222,255) #EFDEDEFF srgba(239,222,222,1)
         8: (239,223,223,255) #EFDFDFFF srgba(239,223,223,1)
        14: (240,224,224,255) #F0E0E0FF srgba(240,224,224,1)
        10: (240,225,225,255) #F0E1E1FF srgba(240,225,225,1)
         5: (241,226,226,255) #F1E2E2FF srgba(241,226,226,1)
        13: (241,227,227,255) #F1E3E3FF srgba(241,227,227,1)
        13: (242,228,228,255) #F2E4E4FF srgba(242,228,228,1)
        13: (242,229,229,255) #F2E5E5FF srgba(242,229,229,1)
        15: (243,230,230,255) #F3E6E6FF srgba(243,230,230,1)
        12: (243,231,231,255) #F3E7E7FF srgba(243,231,231,1)
         9: (244,232,232,255) #F4E8E8FF srgba(244,232,232,1)
        19: (244,233,233,255) #F4E9E9FF srgba(244,233,233,1)
         5: (245,234,234,255) #F5EAEAFF srgba(245,234,234,1)
        20: (245,235,235,255) #F5EBEBFF srgba(245,235,235,1)
        15: (246,236,236,255) #F6ECECFF srgba(246,236,236,1)
        18: (246,237,237,255) #F6EDEDFF srgba(246,237,237,1)
        14: (247,238,238,255) #F7EEEEFF srgba(247,238,238,1)
        16: (247,239,239,255) #F7EFEFFF srgba(247,239,239,1)
        18: (248,240,240,255) #F8F0F0FF srgba(248,240,240,1)
        21: (248,241,241,255) #F8F1F1FF srgba(248,241,241,1)
        17: (249,242,242,255) #F9F2F2FF srgba(249,242,242,1)
        14: (249,243,243,255) #F9F3F3FF srgba(249,243,243,1)
        13: (250,244,244,255) #FAF4F4FF srgba(250,244,244,1)
        20: (250,245,245,255) #FAF5F5FF srgba(250,245,245,1)
        16: (251,246,246,255) #FBF6F6FF srgba(251,246,246,1)
        26: (251,247,247,255) #FBF7F7FF srgba(251,247,247,1)
        28: (252,248,248,255) #FCF8F8FF srgba(252,248,248,1)
        21: (252,249,249,255) #FCF9F9FF srgba(252,249,249,1)
        20: (253,250,250,255) #FDFAFAFF srgba(253,250,250,1)
        29: (253,251,251,255) #FDFBFBFF srgba(253,251,251,1)
        35: (254,252,252,255) #FEFCFCFF srgba(254,252,252,1)
        48: (254,253,253,255) #FEFDFDFF srgba(254,253,253,1)
        90: (254,254,254,255) #FEFEFEFF srgba(254,254,254,1)
    149943: (255,0,0,255) #FF0000FF red
      1151: (255,255,0,255) #FFFF00FF yellow
    294206: (255,255,255,255) #FFFFFFFF white
