       903: (128,0,0,255) #800000FF maroon
       950: (128,128,0,255) #808000FF olive
       604: (255,0,0,255) #FF0000FF red
      1151: (255,0,255,255) #FF00FFFF magenta
     29971: (255,128,0,255) #FF8000FF srgba(255,128,0,1)
       647: (255,128,128,255) #FF8080FF srgba(255,128,128,1)
        28: (255,255,1,255) #FFFF01FF srgba(255,255,1,1)
        28: (255,255,2,255) #FFFF02FF srgba(255,255,2,1)
        32: (255,255,3,255) #FFFF03FF srgba(255,255,3,1)
        18: (255,255,4,255) #FFFF04FF srgba(255,255,4,1)
        15: (255,255,5,255) #FFFF05FF srgba(255,255,5,1)
        10: (255,255,6,255) #FFFF06FF srgba(255,255,6,1)
        11: (255,255,7,255) #FFFF07FF srgba(255,255,7,1)
        15: (255,255,8,255) #FFFF08FF srgba(255,255,8,1)
        14: (255,255,9,255) #FFFF09FF srgba(255,255,9,1)
         8: (255,255,10,255) #FFFF0AFF srgba(255,255,10,1)
         8: (255,255,11,255) #FFFF0BFF srgba(255,255,11,1)
         4: (255,255,12,255) #FFFF0CFF srgba(255,255,12,1)
         5: (255,255,13,255) #FFFF0DFF srgba(255,255,13,1)
        12: (255,255,14,255) #FFFF0EFF srgba(255,255,14,1)
         6: (255,255,15,255) #FFFF0FFF srgba(255,255,15,1)
        14: (255,255,16,255) #FFFF10FF srgba(255,255,16,1)
        26: (255,255,17,255) #FFFF11FF srgba(255,255,17,1)
         4: (255,255,18,255) #FFFF12FF srgba(255,255,18,1)
         8: (255,255,19,255) #FFFF13FF srgba(255,255,19,1)
         8: (255,255,20,255) #FFFF14FF srgba(255,255,20,1)
        10: (255,255,21,255) #FFFF15FF srgba(255,255,21,1)
        12: (255,255,22,255) #FFFF16FF srgba(255,255,22,1)
        10: (255,255,23,255) #FFFF17FF srgba(255,255,23,1)
        19: (255,255,24,255) #FFFF18FF srgba(255,255,24,1)
         6: (255,255,25,255) #FFFF19FF srgba(255,255,25,1)
        12: (255,255,26,255) #FFFF1AFF srgba(255,255,26,1)
         6: (255,255,27,255) #FFFF1BFF srgba(255,255,27,1)
         5: (255,255,28,255) #FFFF1CFF srgba(255,255,28,1)
         6: (255,255,29,255) #FFFF1DFF srgba(255,255,29,1)
        10: (255,255,30,255) #FFFF1EFF srgba(255,255,30,1)
         7: (255,255,31,255) #FFFF1FFF srgba(255,255,31,1)
         6: (255,255,32,255) #FFFF20FF srgba(255,255,32,1)
         6: (255,255,33,255) #FFFF21FF srgba(255,255,33,1)
        13: (255,255,34,255) #FFFF22FF srgba(255,255,34,1)
        36: (255,255,35,255) #FFFF23FF srgba(255,255,35,1)
         5: (255,255,36,255) #FFFF24FF srgba(255,255,36,1)
         7: (255,255,37,255) #FFFF25FF srgba(255,255,37,1)
         5: (255,255,38,255) #FFFF26FF srgba(255,255,38,1)
         4: (255,255,39,255) #FFFF27FF srgba(255,255,39,1)
         7: (255,255,40,255) #FFFF28FF srgba(255,255,40,1)
         8: (255,255,41,255) #FFFF29FF srgba(255,255,41,1)
         6: (255,255,42,255) #FFFF2AFF srgba(255,255,42,1)
        21: (255,255,43,255) #FFFF2BFF srgba(255,255,43,1)
         3: (255,255,44,255) #FFFF2CFF srgba(255,255,44,1)
         7: (255,255,45,255) #FFFF2DFF srgba(255,255,45,1)
         5: (255,255,46,255) #FFFF2EFF srgba(255,255,46,1)
         7: (255,255,47,255) #FFFF2FFF srgba(255,255,47,1)
        13: (255,255,48,255) #FFFF30FF srgba(255,255,48,1)
         8: (255,255,49,255) #FFFF31FF srgba(255,255,49,1)
         1: (255,255,50,255) #FFFF32FF srgba(255,255,50,1)
        19: (255,255,51,255) #FFFF33FF srgba(255,255,51,1)
         8: (255,255,52,255) #FFFF34FF srgba(255,255,52,1)
         6: (255,255,53,255) #FFFF35FF srgba(255,255,53,1)
         9: (255,255,54,255) #FFFF36FF srgba(255,255,54,1)
         8: (255,255,55,255) #FFFF37FF srgba(255,255,55,1)
         8: (255,255,56,255) #FFFF38FF srgba(255,255,56,1)
         1: (255,255,57,255) #FFFF39FF srgba(255,255,57,1)
         3: (255,255,58,255) #FFFF3AFF srgba(255,255,58,1)
         3: (255,255,59,255) #FFFF3BFF srgba(255,255,59,1)
         7: (255,255,60,255) #FFFF3CFF srgba(255,255,60,1)
         4: (255,255,61,255) #FFFF3DFF srgba(255,255,61,1)
         7: (255,255,62,255) #FFFF3EFF srgba(255,255,62,1)
         4: (255,255,63,255) #FFFF3FFF srgba(255,255,63,1)
         7: (255,255,64,255) #FFFF40FF srgba(255,255,64,1)
         3: (255,255,65,255) #FFFF41FF srgba(255,255,65,1)
         7: (255,255,66,255) #FFFF42FF srgba(255,255,66,1)
         7: (255,255,67,255) #FFFF43FF srgba(255,255,67,1)
         3: (255,255,68,255) #FFFF44FF srgba(255,255,68,1)
         5: (255,255,69,255) #FFFF45FF srgba(255,255,69,1)
         2: (255,255,70,255) #FFFF46FF srgba(255,255,70,1)
         4: (255,255,71,255) #FFFF47FF srgba(255,255,71,1)
         3: (255,255,72,255) #FFFF48FF srgba(255,255,72,1)
         6: (255,255,73,255) #FFFF49FF srgba(255,255,73,1)
        12: (255,255,74,255) #FFFF4AFF srgba(255,255,74,1)
         4: (255,255,75,255) #FFFF4BFF srgba(255,255,75,1)
        11: (255,255,76,255) #FFFF4CFF srgba(255,255,76,1)
         8: (255,255,77,255) #FFFF4DFF srgba(255,255,77,1)
         7: (255,255,78,255) #FFFF4EFF srgba(255,255,78,1)
         6: (255,255,79,255) #FFFF4FFF srgba(255,255,79,1)
         5: (255,255,80,255) #FFFF50FF srgba(255,255,80,1)
         5: (255,255,81,255) #FFFF51FF srgba(255,255,81,1)
         2: (255,255,82,255) #FFFF52FF srgba(255,255,82,1)
         4: (255,255,83,255) #FFFF53FF srgba(255,255,83,1)
         2: (255,255,84,255) #FFFF54FF srgba(255,255,84,1)
         3: (255,255,85,255) #FFFF55FF srgba(255,255,85,1)
         5: (255,255,86,255) #FFFF56FF srgba(255,255,86,1)
         3: (255,255,87,255) #FFFF57FF srgba(255,255,87,1)
         3: (255,255,88,255) #FFFF58FF srgba(255,255,88,1)
         5: (255,255,89,255) #FFFF59FF srgba(255,255,89,1)
         1: (255,255,90,255) #FFFF5AFF srgba(255,255,90,1)
         3: (255,255,91,255) #FFFF5BFF srgba(255,255,91,1)
         6: (255,255,92,255) #FFFF5CFF srgba(255,255,92,1)
         6: (255,255,93,255) #FFFF5DFF srgba(255,255,93,1)
         7: (255,255,94,255) #FFFF5EFF srgba(255,255,94,1)
         2: (255,255,95,255) #FFFF5FFF srgba(255,255,95,1)
         3: (255,255,96,255) #FFFF60FF srgba(255,255,96,1)
         6: (255,255,97,255) #FFFF61FF srgba(255,255,97,1)
         9: (255,255,98,255) #FFFF62FF srgba(255,255,98,1)
         4: (255,255,100,255) #FFFF64FF srgba(255,255,100,1)
         4: (255,255,101,255) #FFFF65FF srgba(255,255,101,1)
         3: (255,255,102,255) #FFFF66FF srgba(255,255,102,1)
         6: (255,255,103,255) #FFFF67FF srgba(255,255,103,1)
         4: (255,255,104,255) #FFFF68FF srgba(255,255,104,1)
         2: (255,255,105,255) #FFFF69FF srgba(255,255,105,1)
         2: (255,255,106,255) #FFFF6AFF srgba(255,255,106,1)
         9: (255,255,107,255) #FFFF6BFF srgba(255,255,107,1)
         6: (255,255,108,255) #FFFF6CFF srgba(255,255,108,1)
         3: (255,255,109,255) #FFFF6DFF srgba(255,255,109,1)
         4: (255,255,110,255) #FFFF6EFF srgba(255,255,110,1)
         7: (255,255,111,255) #FFFF6FFF srgba(255,255,111,1)
         6: (255,255,112,255) #FFFF70FF srgba(255,255,112,1)
         2: (255,255,113,255) #FFFF71FF srgba(255,255,113,1)
         7: (255,255,114,255) #FFFF72FF srgba(255,255,114,1)
         7: (255,255,115,255) #FFFF73FF srgba(255,255,115,1)
         4: (255,255,116,255) #FFFF74FF srgba(255,255,116,1)
         5: (255,255,117,255) #FFFF75FF srgba(255,255,117,1)
         8: (255,255,118,255) #FFFF76FF srgba(255,255,118,1)
         5: (255,255,119,255) #FFFF77FF srgba(255,255,119,1)
        11: (255,255,120,255) #FFFF78FF srgba(255,255,120,1)
         5: (255,255,121,255) #FFFF79FF srgba(255,255,121,1)
         5: (255,255,122,255) #FFFF7AFF srgba(255,255,122,1)
        87: (255,255,123,255) #FFFF7BFF srgba(255,255,123,1)
         6: (255,255,124,255) #FFFF7CFF srgba(255,255,124,1)
         5: (255,255,125,255) #FFFF7DFF srgba(255,255,125,1)
         2: (255,255,126,255) #FFFF7EFF srgba(255,255,126,1)
         4: (255,255,127,255) #FFFF7FFF srgba(255,255,127,1)
         3: (255,255,128,255) #FFFF80FF srgba(255,255,128,1)
         2: (255,255,129,255) #FFFF81FF srgba(255,255,129,1)
         4: (255,255,130,255) #FFFF82FF srgba(255,255,130,1)
         4: (255,255,131,255) #FFFF83FF srgba(255,255,131,1)
         3: (255,255,132,255) #FFFF84FF srgba(255,255,132,1)
         7: (255,255,133,255) #FFFF85FF srgba(255,255,133,1)
         4: (255,255,134,255) #FFFF86FF srgba(255,255,134,1)
         3: (255,255,135,255) #FFFF87FF srgba(255,255,135,1)
         7: (255,255,136,255) #FFFF88FF srgba(255,255,136,1)
         8: (255,255,137,255) #FFFF89FF srgba(255,255,137,1)
         3: (255,255,138,255) #FFFF8AFF srgba(255,255,138,1)
         1: (255,255,139,255) #FFFF8BFF srgba(255,255,139,1)
         9: (255,255,140,255) #FFFF8CFF srgba(255,255,140,1)
         7: (255,255,141,255) #FFFF8DFF srgba(255,255,141,1)
         4: (255,255,142,255) #FFFF8EFF srgba(255,255,142,1)
        13: (255,255,143,255) #FFFF8FFF srgba(255,255,143,1)
         7: (255,255,144,255) #FFFF90FF srgba(255,255,144,1)
         4: (255,255,145,255) #FFFF91FF srgba(255,255,145,1)
         5: (255,255,146,255) #FFFF92FF srgba(255,255,146,1)
         3: (255,255,147,255) #FFFF93FF srgba(255,255,147,1)
         8: (255,255,148,255) #FFFF94FF srgba(255,255,148,1)
         7: (255,255,149,255) #FFFF95FF srgba(255,255,149,1)
         5: (255,255,150,255) #FFFF96FF srgba(255,255,150,1)
        10: (255,255,151,255) #FFFF97FF srgba(255,255,151,1)
         5: (255,255,153,255) #FFFF99FF srgba(255,255,153,1)
         7: (255,255,154,255) #FFFF9AFF srgba(255,255,154,1)
         3: (255,255,155,255) #FFFF9BFF srgba(255,255,155,1)
         6: (255,255,156,255) #FFFF9CFF srgba(255,255,156,1)
         7: (255,255,157,255) #FFFF9DFF srgba(255,255,157,1)
         5: (255,255,158,255) #FFFF9EFF srgba(255,255,158,1)
         5: (255,255,159,255) #FFFF9FFF srgba(255,255,159,1)
         3: (255,255,160,255) #FFFFA0FF srgba(255,255,160,1)
         9: (255,255,161,255) #FFFFA1FF srgba(255,255,161,1)
         2: (255,255,162,255) #FFFFA2FF srgba(255,255,162,1)
         2: (255,255,163,255) #FFFFA3FF srgba(255,255,163,1)
         5: (255,255,164,255) #FFFFA4FF srgba(255,255,164,1)
         1: (255,255,165,255) #FFFFA5FF srgba(255,255,165,1)
         6: (255,255,166,255) #FFFFA6FF srgba(255,255,166,1)
         5: (255,255,167,255) #FFFFA7FF srgba(255,255,167,1)
         5: (255,255,168,255) #FFFFA8FF srgba(255,255,168,1)
         2: (255,255,169,255) #FFFFA9FF srgba(255,255,169,1)
         5: (255,255,170,255) #FFFFAAFF srgba(255,255,170,1)
         6: (255,255,171,255) #FFFFABFF srgba(255,255,171,1)
         6: (255,255,172,255) #FFFFACFF srgba(255,255,172,1)
         3: (255,255,173,255) #FFFFADFF srgba(255,255,173,1)
         1: (255,255,174,255) #FFFFAEFF srgba(255,255,174,1)
         7: (255,255,175,255) #FFFFAFFF srgba(255,255,175,1)
         3: (255,255,176,255) #FFFFB0FF srgba(255,255,176,1)
         1: (255,255,177,255) #FFFFB1FF srgba(255,255,177,1)
         3: (255,255,178,255) #FFFFB2FF srgba(255,255,178,1)
         6: (255,255,179,255) #FFFFB3FF srgba(255,255,179,1)
         2: (255,255,180,255) #FFFFB4FF srgba(255,255,180,1)
         5: (255,255,181,255) #FFFFB5FF srgba(255,255,181,1)
         4: (255,255,182,255) #FFFFB6FF srgba(255,255,182,1)
         7: (255,255,183,255) #FFFFB7FF srgba(255,255,183,1)
         6: (255,255,184,255) #FFFFB8FF srgba(255,255,184,1)
         6: (255,255,185,255) #FFFFB9FF srgba(255,255,185,1)
         7: (255,255,186,255) #FFFFBAFF srgba(255,255,186,1)
         6: (255,255,187,255) #FFFFBBFF srgba(255,255,187,1)
         3: (255,255,188,255) #FFFFBCFF srgba(255,255,188,1)
         5: (255,255,189,255) #FFFFBDFF srgba(255,255,189,1)
         6: (255,255,190,255) #FFFFBEFF srgba(255,255,190,1)
         3: (255,255,191,255) #FFFFBFFF srgba(255,255,191,1)
         1: (255,255,192,255) #FFFFC0FF srgba(255,255,192,1)
         5: (255,255,193,255) #FFFFC1FF srgba(255,255,193,1)
         8: (255,255,194,255) #FFFFC2FF srgba(255,255,194,1)
         7: (255,255,195,255) #FFFFC3FF srgba(255,255,195,1)
         6: (255,255,196,255) #FFFFC4FF srgba(255,255,196,1)
         5: (255,255,197,255) #FFFFC5FF srgba(255,255,197,1)
         7: (255,255,198,255) #FFFFC6FF srgba(255,255,198,1)
         8: (255,255,199,255) #FFFFC7FF srgba(255,255,199,1)
         4: (255,255,200,255) #FFFFC8FF srgba(255,255,200,1)
         3: (255,255,201,255) #FFFFC9FF srgba(255,255,201,1)
         6: (255,255,202,255) #FFFFCAFF srgba(255,255,202,1)
         5: (255,255,203,255) #FFFFCBFF srgba(255,255,203,1)
         9: (255,255,204,255) #FFFFCCFF srgba(255,255,204,1)
         3: (255,255,205,255) #FFFFCDFF srgba(255,255,205,1)
        29: (255,255,206,255) #FFFFCEFF srgba(255,255,206,1)
         5: (255,255,207,255) #FFFFCFFF srgba(255,255,207,1)
         6: (255,255,208,255) #FFFFD0FF srgba(255,255,208,1)
         5: (255,255,209,255) #FFFFD1FF srgba(255,255,209,1)
         2: (255,255,210,255) #FFFFD2FF srgba(255,255,210,1)
         7: (255,255,211,255) #FFFFD3FF srgba(255,255,211,1)
         3: (255,255,212,255) #FFFFD4FF srgba(255,255,212,1)
         7: (255,255,213,255) #FFFFD5FF srgba(255,255,213,1)
         9: (255,255,214,255) #FFFFD6FF srgba(255,255,214,1)
         9: (255,255,215,255) #FFFFD7FF srgba(255,255,215,1)
         7: (255,255,216,255) #FFFFD8FF srgba(255,255,216,1)
         2: (255,255,217,255) #FFFFD9FF srgba(255,255,217,1)
        11: (255,255,218,255) #FFFFDAFF srgba(255,255,218,1)
         3: (255,255,219,255) #FFFFDBFF srgba(255,255,219,1)
         9: (255,255,220,255) #FFFFDCFF srgba(255,255,220,1)
         6: (255,255,221,255) #FFFFDDFF srgba(255,255,221,1)
         5: (255,255,222,255) #FFFFDEFF srgba(255,255,222,1)
         5: (255,255,223,255) #FFFFDFFF srgba(255,255,223,1)
         7: (255,255,224,255) #FFFFE0FF LightYellow
        10: (255,255,225,255) #FFFFE1FF srgba(255,255,225,1)
         6: (255,255,226,255) #FFFFE2FF srgba(255,255,226,1)
         9: (255,255,227,255) #FFFFE3FF srgba(255,255,227,1)
         6: (255,255,228,255) #FFFFE4FF srgba(255,255,228,1)
         9: (255,255,229,255) #FFFFE5FF srgba(255,255,229,1)
         9: (255,255,230,255) #FFFFE6FF srgba(255,255,230,1)
         8: (255,255,231,255) #FFFFE7FF srgba(255,255,231,1)
         7: (255,255,232,255) #FFFFE8FF srgba(255,255,232,1)
         5: (255,255,233,255) #FFFFE9FF srgba(255,255,233,1)
         7: (255,255,234,255) #FFFFEAFF srgba(255,255,234,1)
        14: (255,255,235,255) #FFFFEBFF srgba(255,255,235,1)
        19: (255,255,236,255) #FFFFECFF srgba(255,255,236,1)
         7: (255,255,237,255) #FFFFEDFF srgba(255,255,237,1)
         7: (255,255,238,255) #FFFFEEFF srgba(255,255,238,1)
        11: (255,255,239,255) #FFFFEFFF srgba(255,255,239,1)
         9: (255,255,240,255) #FFFFF0FF ivory
        11: (255,255,241,255) #FFFFF1FF srgba(255,255,241,1)
         7: (255,255,242,255) #FFFFF2FF srgba(255,255,242,1)
         9: (255,255,243,255) #FFFFF3FF srgba(255,255,243,1)
        13: (255,255,244,255) #FFFFF4FF srgba(255,255,244,1)
         7: (255,255,245,255) #FFFFF5FF srgba(255,255,245,1)
        13: (255,255,246,255) #FFFFF6FF srgba(255,255,246,1)
        10: (255,255,247,255) #FFFFF7FF srgba(255,255,247,1)
        10: (255,255,248,255) #FFFFF8FF srgba(255,255,248,1)
        13: (255,255,249,255) #FFFFF9FF srgba(255,255,249,1)
        15: (255,255,250,255) #FFFFFAFF srgba(255,255,250,1)
        15: (255,255,251,255) #FFFFFBFF srgba(255,255,251,1)
        23: (255,255,252,255) #FFFFFCFF srgba(255,255,252,1)
        11: (255,255,253,255) #FFFFFDFF srgba(255,255,253,1)
        32: (255,255,254,255) #FFFFFEFF srgba(255,255,254,1)
    263408: (255,255,255,255) #FFFFFFFF white
