       197: (0,0,127,255) #00007FFF srgba(0,0,127,1)
        18: (0,0,128,255) #000080FF navy
     52857: (0,0,255,255) #0000FFFF blue
     13272: (0,128,128,255) #008080FF teal
       895: (0,255,0,255) #00FF00FF lime
      2462: (0,255,255,255) #00FFFFFF cyan
        31: (1,1,128,255) #010180FF srgba(1,1,128,1)
        28: (2,2,129,255) #020281FF srgba(2,2,129,1)
        24: (3,3,129,255) #030381FF srgba(3,3,129,1)
        21: (4,4,130,255) #040482FF srgba(4,4,130,1)
        20: (5,5,130,255) #050582FF srgba(5,5,130,1)
        14: (6,6,131,255) #060683FF srgba(6,6,131,1)
        12: (7,7,131,255) #070783FF srgba(7,7,131,1)
        17: (8,8,132,255) #080884FF srgba(8,8,132,1)
         6: (9,9,132,255) #090984FF srgba(9,9,132,1)
        15: (10,10,133,255) #0A0A85FF srgba(10,10,133,1)
        11: (11,11,133,255) #0B0B85FF srgba(11,11,133,1)
        21: (12,12,134,255) #0C0C86FF srgba(12,12,134,1)
        13: (13,13,134,255) #0D0D86FF srgba(13,13,134,1)
        10: (14,14,135,255) #0E0E87FF srgba(14,14,135,1)
         9: (15,15,135,255) #0F0F87FF srgba(15,15,135,1)
         9: (16,16,136,255) #101088FF srgba(16,16,136,1)
         9: (17,17,136,255) #111188FF srgba(17,17,136,1)
         8: (18,18,137,255) #121289FF srgba(18,18,137,1)
        10: (19,19,137,255) #131389FF srgba(19,19,137,1)
        10: (20,20,138,255) #14148AFF srgba(20,20,138,1)
         9: (21,21,138,255) #15158AFF srgba(21,21,138,1)
         6: (22,22,139,255) #16168BFF srgba(22,22,139,1)
         9: (23,23,139,255) #17178BFF srgba(23,23,139,1)
         5: (24,24,140,255) #18188CFF srgba(24,24,140,1)
        10: (25,25,140,255) #19198CFF srgba(25,25,140,1)
         5: (26,26,141,255) #1A1A8DFF srgba(26,26,141,1)
         6: (27,27,141,255) #1B1B8DFF srgba(27,27,141,1)
         4: (28,28,142,255) #1C1C8EFF srgba(28,28,142,1)
         6: (29,29,142,255) #1D1D8EFF srgba(29,29,142,1)
        12: (30,30,143,255) #1E1E8FFF srgba(30,30,143,1)
        12: (31,31,143,255) #1F1F8FFF srgba(31,31,143,1)
         6: (32,32,144,255) #202090FF srgba(32,32,144,1)
        10: (33,33,144,255) #212190FF srgba(33,33,144,1)
        10: (34,34,145,255) #222291FF srgba(34,34,145,1)
        12: (35,35,145,255) #232391FF srgba(35,35,145,1)
         6: (36,36,146,255) #242492FF srgba(36,36,146,1)
        20: (37,37,146,255) #252592FF srgba(37,37,146,1)
        10: (38,38,147,255) #262693FF srgba(38,38,147,1)
        16: (39,39,147,255) #272793FF srgba(39,39,147,1)
        16: (40,40,148,255) #282894FF srgba(40,40,148,1)
         6: (41,41,148,255) #292994FF srgba(41,41,148,1)
         9: (42,42,149,255) #2A2A95FF srgba(42,42,149,1)
         5: (43,43,149,255) #2B2B95FF srgba(43,43,149,1)
         8: (44,44,150,255) #2C2C96FF srgba(44,44,150,1)
         7: (45,45,150,255) #2D2D96FF srgba(45,45,150,1)
         8: (46,46,151,255) #2E2E97FF srgba(46,46,151,1)
         8: (47,47,151,255) #2F2F97FF srgba(47,47,151,1)
        10: (48,48,152,255) #303098FF srgba(48,48,152,1)
        13: (49,49,152,255) #313198FF srgba(49,49,152,1)
        13: (50,50,153,255) #323299FF srgba(50,50,153,1)
         5: (51,51,153,255) #333399FF srgba(51,51,153,1)
         5: (52,52,154,255) #34349AFF srgba(52,52,154,1)
        10: (53,53,154,255) #35359AFF srgba(53,53,154,1)
         6: (54,54,155,255) #36369BFF srgba(54,54,155,1)
         9: (55,55,155,255) #37379BFF srgba(55,55,155,1)
        11: (56,56,156,255) #38389CFF srgba(56,56,156,1)
         9: (57,57,156,255) #39399CFF srgba(57,57,156,1)
         1: (58,58,157,255) #3A3A9DFF srgba(58,58,157,1)
         6: (59,59,157,255) #3B3B9DFF srgba(59,59,157,1)
         9: (60,60,158,255) #3C3C9EFF srgba(60,60,158,1)
        13: (61,61,158,255) #3D3D9EFF srgba(61,61,158,1)
         6: (62,62,159,255) #3E3E9FFF srgba(62,62,159,1)
         6: (63,63,159,255) #3F3F9FFF srgba(63,63,159,1)
        19: (64,64,160,255) #4040A0FF srgba(64,64,160,1)
         9: (65,65,160,255) #4141A0FF srgba(65,65,160,1)
         9: (66,66,161,255) #4242A1FF srgba(66,66,161,1)
        10: (67,67,161,255) #4343A1FF srgba(67,67,161,1)
         9: (68,68,162,255) #4444A2FF srgba(68,68,162,1)
         9: (69,69,162,255) #4545A2FF srgba(69,69,162,1)
        10: (70,70,163,255) #4646A3FF srgba(70,70,163,1)
         3: (71,71,163,255) #4747A3FF srgba(71,71,163,1)
         4: (72,72,164,255) #4848A4FF srgba(72,72,164,1)
         9: (73,73,164,255) #4949A4FF srgba(73,73,164,1)
         7: (74,74,165,255) #4A4AA5FF srgba(74,74,165,1)
        11: (75,75,165,255) #4B4BA5FF srgba(75,75,165,1)
         6: (76,76,166,255) #4C4CA6FF srgba(76,76,166,1)
         3: (77,77,166,255) #4D4DA6FF srgba(77,77,166,1)
         9: (78,78,167,255) #4E4EA7FF srgba(78,78,167,1)
         5: (79,79,167,255) #4F4FA7FF srgba(79,79,167,1)
         3: (80,80,168,255) #5050A8FF srgba(80,80,168,1)
        11: (81,81,168,255) #5151A8FF srgba(81,81,168,1)
        12: (83,83,169,255) #5353A9FF srgba(83,83,169,1)
         6: (84,84,170,255) #5454AAFF srgba(84,84,170,1)
         6: (85,85,170,255) #5555AAFF srgba(85,85,170,1)
         6: (86,86,171,255) #5656ABFF srgba(86,86,171,1)
         6: (87,87,171,255) #5757ABFF srgba(87,87,171,1)
         8: (88,88,172,255) #5858ACFF srgba(88,88,172,1)
         7: (89,89,172,255) #5959ACFF srgba(89,89,172,1)
         9: (90,90,173,255) #5A5AADFF srgba(90,90,173,1)
         3: (91,91,173,255) #5B5BADFF srgba(91,91,173,1)
         7: (92,92,174,255) #5C5CAEFF srgba(92,92,174,1)
         7: (93,93,174,255) #5D5DAEFF srgba(93,93,174,1)
         1: (94,94,175,255) #5E5EAFFF srgba(94,94,175,1)
         7: (95,95,175,255) #5F5FAFFF srgba(95,95,175,1)
         3: (96,96,176,255) #6060B0FF srgba(96,96,176,1)
        11: (97,97,176,255) #6161B0FF srgba(97,97,176,1)
         5: (98,98,177,255) #6262B1FF srgba(98,98,177,1)
         8: (99,99,177,255) #6363B1FF srgba(99,99,177,1)
         5: (100,100,178,255) #6464B2FF srgba(100,100,178,1)
         8: (101,101,178,255) #6565B2FF srgba(101,101,178,1)
        29: (102,102,179,255) #6666B3FF srgba(102,102,179,1)
         9: (103,103,179,255) #6767B3FF srgba(103,103,179,1)
         9: (104,104,180,255) #6868B4FF srgba(104,104,180,1)
         7: (105,105,180,255) #6969B4FF srgba(105,105,180,1)
         1: (106,106,181,255) #6A6AB5FF srgba(106,106,181,1)
         4: (107,107,181,255) #6B6BB5FF srgba(107,107,181,1)
         2: (108,108,182,255) #6C6CB6FF srgba(108,108,182,1)
         4: (109,109,182,255) #6D6DB6FF srgba(109,109,182,1)
         7: (110,110,183,255) #6E6EB7FF srgba(110,110,183,1)
         8: (111,111,183,255) #6F6FB7FF srgba(111,111,183,1)
         4: (112,112,184,255) #7070B8FF srgba(112,112,184,1)
         9: (113,113,184,255) #7171B8FF srgba(113,113,184,1)
         8: (114,114,185,255) #7272B9FF srgba(114,114,185,1)
         5: (115,115,185,255) #7373B9FF srgba(115,115,185,1)
         7: (116,116,186,255) #7474BAFF srgba(116,116,186,1)
         4: (117,117,186,255) #7575BAFF srgba(117,117,186,1)
         8: (118,118,187,255) #7676BBFF srgba(118,118,187,1)
        10: (119,119,187,255) #7777BBFF srgba(119,119,187,1)
         4: (120,120,188,255) #7878BCFF srgba(120,120,188,1)
        12: (121,121,188,255) #7979BCFF srgba(121,121,188,1)
         8: (122,122,189,255) #7A7ABDFF srgba(122,122,189,1)
        12: (123,123,189,255) #7B7BBDFF srgba(123,123,189,1)
         6: (124,124,190,255) #7C7CBEFF srgba(124,124,190,1)
         3: (125,125,190,255) #7D7DBEFF srgba(125,125,190,1)
         6: (126,126,191,255) #7E7EBFFF srgba(126,126,191,1)
         6: (127,127,191,255) #7F7FBFFF srgba(127,127,191,1)
         3: (128,128,192,255) #8080C0FF srgba(128,128,192,1)
         7: (129,129,192,255) #8181C0FF srgba(129,129,192,1)
         7: (130,130,193,255) #8282C1FF srgba(130,130,193,1)
         8: (131,131,193,255) #8383C1FF srgba(131,131,193,1)
         5: (132,132,194,255) #8484C2FF srgba(132,132,194,1)
         7: (133,133,194,255) #8585C2FF srgba(133,133,194,1)
         5: (134,134,195,255) #8686C3FF srgba(134,134,195,1)
         3: (135,135,195,255) #8787C3FF srgba(135,135,195,1)
        13: (136,136,196,255) #8888C4FF srgba(136,136,196,1)
         8: (137,137,196,255) #8989C4FF srgba(137,137,196,1)
         3: (138,138,197,255) #8A8AC5FF srgba(138,138,197,1)
         6: (139,139,197,255) #8B8BC5FF srgba(139,139,197,1)
         9: (140,140,198,255) #8C8CC6FF srgba(140,140,198,1)
         2: (141,141,198,255) #8D8DC6FF srgba(141,141,198,1)
         5: (142,142,199,255) #8E8EC7FF srgba(142,142,199,1)
         2: (143,143,199,255) #8F8FC7FF srgba(143,143,199,1)
         5: (144,144,200,255) #9090C8FF srgba(144,144,200,1)
         6: (145,145,200,255) #9191C8FF srgba(145,145,200,1)
        13: (146,146,201,255) #9292C9FF srgba(146,146,201,1)
         9: (147,147,201,255) #9393C9FF srgba(147,147,201,1)
         9: (148,148,202,255) #9494CAFF srgba(148,148,202,1)
         7: (149,149,202,255) #9595CAFF srgba(149,149,202,1)
         4: (150,150,203,255) #9696CBFF srgba(150,150,203,1)
         6: (151,151,203,255) #9797CBFF srgba(151,151,203,1)
         4: (152,152,204,255) #9898CCFF srgba(152,152,204,1)
        12: (153,153,204,255) #9999CCFF srgba(153,153,204,1)
        16: (154,154,205,255) #9A9ACDFF srgba(154,154,205,1)
         3: (155,155,205,255) #9B9BCDFF srgba(155,155,205,1)
         6: (156,156,206,255) #9C9CCEFF srgba(156,156,206,1)
         5: (157,157,206,255) #9D9DCEFF srgba(157,157,206,1)
         8: (158,158,207,255) #9E9ECFFF srgba(158,158,207,1)
         8: (159,159,207,255) #9F9FCFFF srgba(159,159,207,1)
         3: (160,160,208,255) #A0A0D0FF srgba(160,160,208,1)
         7: (161,161,208,255) #A1A1D0FF srgba(161,161,208,1)
         9: (162,162,209,255) #A2A2D1FF srgba(162,162,209,1)
         7: (163,163,209,255) #A3A3D1FF srgba(163,163,209,1)
         9: (164,164,210,255) #A4A4D2FF srgba(164,164,210,1)
         9: (165,165,210,255) #A5A5D2FF srgba(165,165,210,1)
         7: (166,166,211,255) #A6A6D3FF srgba(166,166,211,1)
         6: (167,167,211,255) #A7A7D3FF srgba(167,167,211,1)
         6: (168,168,212,255) #A8A8D4FF srgba(168,168,212,1)
         6: (169,169,212,255) #A9A9D4FF srgba(169,169,212,1)
         5: (170,170,213,255) #AAAAD5FF srgba(170,170,213,1)
         7: (171,171,213,255) #ABABD5FF srgba(171,171,213,1)
         6: (172,172,214,255) #ACACD6FF srgba(172,172,214,1)
        13: (173,173,214,255) #ADADD6FF srgba(173,173,214,1)
         8: (174,174,215,255) #AEAED7FF srgba(174,174,215,1)
         5: (175,175,215,255) #AFAFD7FF srgba(175,175,215,1)
        12: (176,176,216,255) #B0B0D8FF srgba(176,176,216,1)
         8: (177,177,216,255) #B1B1D8FF srgba(177,177,216,1)
         8: (178,178,217,255) #B2B2D9FF srgba(178,178,217,1)
         5: (179,179,217,255) #B3B3D9FF srgba(179,179,217,1)
         6: (180,180,218,255) #B4B4DAFF srgba(180,180,218,1)
         7: (181,181,218,255) #B5B5DAFF srgba(181,181,218,1)
         6: (182,182,219,255) #B6B6DBFF srgba(182,182,219,1)
         8: (183,183,219,255) #B7B7DBFF srgba(183,183,219,1)
         7: (184,184,220,255) #B8B8DCFF srgba(184,184,220,1)
         9: (185,185,220,255) #B9B9DCFF srgba(185,185,220,1)
         3: (186,186,221,255) #BABADDFF srgba(186,186,221,1)
        11: (187,187,221,255) #BBBBDDFF srgba(187,187,221,1)
         3: (188,188,222,255) #BCBCDEFF srgba(188,188,222,1)
         6: (189,189,222,255) #BDBDDEFF srgba(189,189,222,1)
         5: (190,190,223,255) #BEBEDFFF srgba(190,190,223,1)
         8: (191,191,223,255) #BFBFDFFF srgba(191,191,223,1)
         5: (192,192,224,255) #C0C0E0FF srgba(192,192,224,1)
         5: (193,193,224,255) #C1C1E0FF srgba(193,193,224,1)
         8: (194,194,225,255) #C2C2E1FF srgba(194,194,225,1)
         4: (195,195,225,255) #C3C3E1FF srgba(195,195,225,1)
         8: (196,196,226,255) #C4C4E2FF srgba(196,196,226,1)
         7: (197,197,226,255) #C5C5E2FF srgba(197,197,226,1)
         7: (198,198,227,255) #C6C6E3FF srgba(198,198,227,1)
         5: (199,199,227,255) #C7C7E3FF srgba(199,199,227,1)
        10: (200,200,228,255) #C8C8E4FF srgba(200,200,228,1)
         5: (201,201,228,255) #C9C9E4FF srgba(201,201,228,1)
         2: (202,202,229,255) #CACAE5FF srgba(202,202,229,1)
         5: (203,203,229,255) #CBCBE5FF srgba(203,203,229,1)
        15: (204,204,230,255) #CCCCE6FF srgba(204,204,230,1)
        11: (205,205,230,255) #CDCDE6FF srgba(205,205,230,1)
         7: (206,206,231,255) #CECEE7FF srgba(206,206,231,1)
         1: (207,159,159,255) #CF9F9FFF srgba(207,159,159,1)
         6: (207,207,231,255) #CFCFE7FF srgba(207,207,231,1)
         4: (208,208,232,255) #D0D0E8FF srgba(208,208,232,1)
         7: (209,209,232,255) #D1D1E8FF srgba(209,209,232,1)
         3: (210,210,233,255) #D2D2E9FF srgba(210,210,233,1)
         6: (211,211,233,255) #D3D3E9FF srgba(211,211,233,1)
         9: (212,212,234,255) #D4D4EAFF srgba(212,212,234,1)
         6: (213,213,234,255) #D5D5EAFF srgba(213,213,234,1)
         6: (214,214,235,255) #D6D6EBFF srgba(214,214,235,1)
         5: (215,215,235,255) #D7D7EBFF srgba(215,215,235,1)
        11: (216,216,236,255) #D8D8ECFF srgba(216,216,236,1)
         8: (217,217,236,255) #D9D9ECFF srgba(217,217,236,1)
         5: (218,218,237,255) #DADAEDFF srgba(218,218,237,1)
         7: (219,219,237,255) #DBDBEDFF srgba(219,219,237,1)
        10: (220,220,238,255) #DCDCEEFF srgba(220,220,238,1)
        14: (221,221,238,255) #DDDDEEFF srgba(221,221,238,1)
         8: (222,222,239,255) #DEDEEFFF srgba(222,222,239,1)
         6: (223,223,239,255) #DFDFEFFF srgba(223,223,239,1)
        14: (224,224,240,255) #E0E0F0FF srgba(224,224,240,1)
        12: (225,225,240,255) #E1E1F0FF srgba(225,225,240,1)
        16: (226,226,241,255) #E2E2F1FF srgba(226,226,241,1)
         9: (227,227,241,255) #E3E3F1FF srgba(227,227,241,1)
         8: (228,228,242,255) #E4E4F2FF srgba(228,228,242,1)
        12: (229,229,242,255) #E5E5F2FF srgba(229,229,242,1)
         9: (230,230,243,255) #E6E6F3FF srgba(230,230,243,1)
         1: (231,206,206,255) #E7CECEFF srgba(231,206,206,1)
         9: (231,231,243,255) #E7E7F3FF srgba(231,231,243,1)
        12: (232,232,244,255) #E8E8F4FF srgba(232,232,244,1)
        16: (233,233,244,255) #E9E9F4FF srgba(233,233,244,1)
         8: (234,234,245,255) #EAEAF5FF srgba(234,234,245,1)
        11: (235,235,245,255) #EBEBF5FF srgba(235,235,245,1)
         5: (236,236,246,255) #ECECF6FF srgba(236,236,246,1)
         1: (237,219,219,255) #EDDBDBFF srgba(237,219,219,1)
        11: (237,237,246,255) #EDEDF6FF srgba(237,237,246,1)
        26: (238,238,247,255) #EEEEF7FF srgba(238,238,247,1)
         9: (239,239,247,255) #EFEFF7FF srgba(239,239,247,1)
        10: (240,240,248,255) #F0F0F8FF srgba(240,240,248,1)
        18: (241,241,248,255) #F1F1F8FF srgba(241,241,248,1)
        24: (242,242,249,255) #F2F2F9FF srgba(242,242,249,1)
        13: (243,243,249,255) #F3F3F9FF srgba(243,243,249,1)
        10: (244,244,250,255) #F4F4FAFF srgba(244,244,250,1)
        11: (245,245,250,255) #F5F5FAFF srgba(245,245,250,1)
        10: (246,246,251,255) #F6F6FBFF srgba(246,246,251,1)
        14: (247,247,251,255) #F7F7FBFF srgba(247,247,251,1)
        25: (248,248,252,255) #F8F8FCFF srgba(248,248,252,1)
        25: (249,249,252,255) #F9F9FCFF srgba(249,249,252,1)
        43: (250,250,253,255) #FAFAFDFF srgba(250,250,253,1)
        20: (251,251,253,255) #FBFBFDFF srgba(251,251,253,1)
        15: (252,252,254,255) #FCFCFEFF srgba(252,252,254,1)
        33: (253,253,254,255) #FDFDFEFF srgba(253,253,254,1)
        45: (254,254,254,255) #FEFEFEFF srgba(254,254,254,1)
    234427: (255,255,255,255) #FFFFFFFF white
